0 0.078922 0.448187 0.046078 0.101900
0 0.284804 0.250432 0.022549 0.027634
0 0.334314 0.215026 0.021569 0.039724
0 0.388725 0.202073 0.018627 0.034542
0 0.368137 0.220207 0.022549 0.043178
0 0.403431 0.233161 0.020588 0.037997
0 0.412745 0.199482 0.017647 0.032815
0 0.420588 0.156304 0.015686 0.032815
0 0.453922 0.145078 0.015686 0.027634
0 0.467647 0.155440 0.013725 0.034542
0 0.485294 0.156304 0.013725 0.029361
0 0.495098 0.163212 0.013725 0.032815
0 0.534804 0.160622 0.018627 0.037997
0 0.558333 0.186528 0.020588 0.037997
0 0.584314 0.107945 0.013725 0.029361
0 0.619608 0.120035 0.013725 0.029361
0 0.656863 0.111399 0.013725 0.025907
0 0.471569 0.191710 0.019608 0.037997
0 0.443627 0.215026 0.018627 0.036269
0 0.598529 0.227979 0.024510 0.037997
0 0.636765 0.224525 0.028431 0.051813
0 0.666176 0.240933 0.026471 0.050086
0 0.700980 0.195164 0.021569 0.041451
0 0.733824 0.151123 0.016667 0.036269
0 0.805392 0.289292 0.024510 0.067358
0 0.899510 0.332470 0.028431 0.063903
0 0.915196 0.280656 0.026471 0.050086
0 0.893627 0.240933 0.018627 0.043178
0 0.921569 0.236615 0.019608 0.034542
0 0.901471 0.202073 0.014706 0.037997
0 0.947059 0.200345 0.013725 0.031088
0 0.945098 0.164076 0.011765 0.031088
