0 0.230310 0.417963 0.045346 0.083451
0 0.278839 0.276521 0.018298 0.032532
0 0.287589 0.263791 0.018298 0.032532
0 0.330947 0.263791 0.025457 0.041018
0 0.353620 0.256719 0.021480 0.038190
0 0.334129 0.225601 0.019093 0.032532
0 0.338902 0.215700 0.012729 0.024045
0 0.396977 0.253890 0.025457 0.041018
0 0.419252 0.261669 0.023866 0.048091
0 0.457438 0.217822 0.020684 0.042433
0 0.494033 0.207921 0.017502 0.039604
0 0.393795 0.195191 0.015911 0.036775
0 0.410103 0.174682 0.015115 0.035361
0 0.424821 0.181047 0.015911 0.036775
0 0.440732 0.161245 0.017502 0.031117
0 0.467383 0.157001 0.013524 0.036775
0 0.476134 0.195898 0.016706 0.038190
0 0.510342 0.183876 0.016706 0.036775
0 0.538584 0.194484 0.019093 0.041018
0 0.546937 0.158416 0.018298 0.042433
0 0.574383 0.188119 0.017502 0.045262
0 0.511138 0.147100 0.015115 0.031117
0 0.496818 0.126591 0.013524 0.029703
0 0.587908 0.149222 0.014320 0.032532
0 0.610581 0.147808 0.013524 0.032532
0 0.626094 0.132956 0.014320 0.031117
0 0.642005 0.120934 0.012729 0.026874
0 0.664280 0.120226 0.014320 0.031117
0 0.607796 0.103253 0.011138 0.022631
0 0.595465 0.108204 0.013524 0.029703
0 0.495227 0.302687 0.029435 0.059406
0 0.542959 0.310467 0.032617 0.060820
0 0.554893 0.268741 0.024662 0.065064
0 0.608592 0.254597 0.025457 0.050919
0 0.621718 0.207921 0.023071 0.053748
0 0.655131 0.169731 0.021480 0.045262
0 0.653540 0.226308 0.023071 0.050919
0 0.650358 0.270863 0.026253 0.055163
0 0.689737 0.310467 0.031822 0.060820
0 0.714002 0.283593 0.026253 0.063649
0 0.710422 0.231966 0.022275 0.042433
0 0.692124 0.197313 0.020684 0.038190
0 0.690931 0.167610 0.018298 0.038190
0 0.717979 0.159830 0.018298 0.033946
0 0.738663 0.153465 0.018298 0.035361
0 0.766110 0.136492 0.015911 0.035361
0 0.780032 0.150636 0.013524 0.026874
0 0.803500 0.134371 0.012729 0.033946
0 0.764121 0.169731 0.016706 0.028289
0 0.742243 0.192362 0.020684 0.039604
0 0.741050 0.226308 0.023071 0.042433
0 0.755370 0.343706 0.029435 0.067893
0 0.799523 0.277935 0.025457 0.060820
0 0.814638 0.253182 0.022275 0.050919
0 0.819809 0.215700 0.021480 0.043847
0 0.784407 0.211457 0.020684 0.041018
0 0.805489 0.178925 0.018298 0.032532
0 0.821400 0.160537 0.018298 0.038190
0 0.846858 0.147100 0.015115 0.036775
0 0.839698 0.189533 0.018298 0.039604
0 0.874702 0.149222 0.016706 0.035361
0 0.885442 0.191655 0.015911 0.041018
0 0.873906 0.214286 0.019889 0.046676
0 0.865155 0.271570 0.024662 0.056577
0 0.918854 0.299151 0.027049 0.060820
0 0.849244 0.310467 0.027844 0.063649
