0 0.893195 0.213455 0.015123 0.044850
0 0.822779 0.122924 0.010397 0.029900
0 0.734405 0.277409 0.026465 0.056478
0 0.790643 0.289037 0.023629 0.053156
0 0.809074 0.180233 0.015123 0.038206
0 0.777883 0.161960 0.015123 0.034884
0 0.754726 0.144518 0.014178 0.033223
0 0.724953 0.142027 0.015123 0.028239
0 0.736295 0.161960 0.017013 0.034884
0 0.695180 0.151163 0.016068 0.036545
0 0.583176 0.152824 0.013233 0.029900
0 0.563800 0.147010 0.012287 0.031561
0 0.537335 0.141196 0.012287 0.026578
0 0.539698 0.199336 0.015123 0.036545
0 0.462665 0.157807 0.010397 0.023256
0 0.475898 0.149502 0.010397 0.023256
0 0.456522 0.186877 0.015123 0.034884
0 0.480151 0.197674 0.013233 0.033223
0 0.424386 0.229236 0.017013 0.036545
0 0.460775 0.225083 0.016068 0.038206
0 0.483459 0.328073 0.021739 0.051495
0 0.445180 0.266611 0.018904 0.044850
0 0.313800 0.289867 0.015123 0.034884
0 0.368620 0.262458 0.015123 0.036545
0 0.661153 0.256645 0.019849 0.048173
0 0.208412 0.462625 0.044423 0.104651
0 0.254726 0.429402 0.042533 0.101329
