0 0.305634 0.177924 0.017840 0.042834
0 0.363850 0.196046 0.015962 0.036244
0 0.392019 0.185338 0.017840 0.034596
0 0.410329 0.191104 0.015023 0.036244
0 0.402347 0.219110 0.015962 0.029654
0 0.393427 0.289951 0.022535 0.046129
0 0.355869 0.306425 0.024413 0.039539
0 0.447887 0.183690 0.016901 0.037891
0 0.458216 0.205107 0.020657 0.034596
0 0.476056 0.189456 0.016901 0.036244
0 0.490610 0.200988 0.017840 0.039539
0 0.457746 0.232290 0.019718 0.039539
0 0.485915 0.234761 0.021596 0.037891
0 0.575117 0.140857 0.015962 0.031301
0 0.490141 0.303954 0.030047 0.047776
0 0.613146 0.244646 0.022535 0.047776
0 0.711268 0.191104 0.021596 0.046129
0 0.760094 0.210049 0.021596 0.047776
0 0.966197 0.109555 0.015023 0.034596
