0 0.231621 0.299270 0.030211 0.058394
0 0.246224 0.245438 0.023162 0.052920
0 0.262840 0.218978 0.028197 0.054745
0 0.306143 0.200730 0.022155 0.043796
0 0.328802 0.179745 0.013092 0.034672
0 0.306143 0.225365 0.032226 0.045620
0 0.315206 0.264599 0.032226 0.062044
0 0.342397 0.268248 0.032226 0.076642
0 0.440584 0.262774 0.033233 0.054745
0 0.442095 0.206204 0.030211 0.069343
0 0.471803 0.149635 0.027190 0.062044
0 0.478852 0.205292 0.027190 0.056569
0 0.504028 0.229927 0.027190 0.065693
0 0.651561 0.149635 0.024169 0.047445
