0 0.333654 0.300987 0.021154 0.039474
0 0.345673 0.235197 0.012500 0.039474
0 0.358173 0.227796 0.020192 0.037829
0 0.416827 0.299342 0.022115 0.039474
0 0.394712 0.224507 0.012500 0.034539
0 0.409135 0.213816 0.016346 0.039474
0 0.429327 0.243421 0.018269 0.032895
0 0.458654 0.210526 0.019231 0.036184
0 0.477885 0.175987 0.021154 0.032895
0 0.471154 0.269737 0.021154 0.032895
0 0.494712 0.225329 0.022115 0.036184
0 0.524038 0.163651 0.023077 0.034539
0 0.542788 0.175164 0.014423 0.037829
0 0.558654 0.162007 0.023077 0.031250
0 0.531731 0.204770 0.021154 0.037829
0 0.577404 0.181743 0.020192 0.034539
0 0.596635 0.168586 0.020192 0.034539
0 0.564904 0.264803 0.025962 0.042763
0 0.602885 0.266447 0.026923 0.049342
0 0.572115 0.320724 0.025000 0.049342
0 0.654327 0.311678 0.025962 0.064145
0 0.655288 0.207237 0.016346 0.042763
0 0.668750 0.219572 0.024038 0.047697
0 0.695673 0.171053 0.016346 0.032895
0 0.773558 0.144737 0.018269 0.029605
0 0.736538 0.172697 0.017308 0.036184
0 0.741346 0.199836 0.017308 0.047697
0 0.712500 0.240954 0.021154 0.044408
0 0.738942 0.265625 0.027885 0.054276
0 0.774038 0.239309 0.019231 0.047697
0 0.782692 0.204770 0.021154 0.041118
0 0.800481 0.151316 0.014423 0.032895
0 0.828846 0.171875 0.019231 0.034539
0 0.767788 0.363487 0.035577 0.072368
0 0.785096 0.302632 0.024038 0.052632
0 0.816346 0.257401 0.025000 0.060855
0 0.832692 0.228618 0.023077 0.049342
0 0.864423 0.157895 0.017308 0.032895
0 0.889423 0.209704 0.019231 0.037829
0 0.854327 0.207237 0.020192 0.036184
0 0.873077 0.272204 0.025000 0.054276
0 0.848558 0.319079 0.024038 0.049342
0 0.921635 0.271382 0.031731 0.052632
0 0.770673 0.189145 0.022115 0.039474
0 0.615865 0.115132 0.016346 0.026316
0 0.606731 0.236842 0.028846 0.042763
