0 0.240000 0.390038 0.052632 0.103383
0 0.536842 0.186090 0.021053 0.048872
0 0.626316 0.220865 0.023158 0.050752
0 0.671053 0.193609 0.020000 0.033835
0 0.678421 0.220865 0.015789 0.039474
0 0.666316 0.258459 0.021053 0.046992
0 0.710526 0.202068 0.016842 0.039474
0 0.753158 0.220865 0.020000 0.046992
0 0.749474 0.281015 0.025263 0.054511
0 0.762632 0.273496 0.017895 0.043233
0 0.732632 0.369361 0.029474 0.080827
0 0.812105 0.412594 0.036842 0.077068
0 0.900000 0.413534 0.035789 0.082707
0 0.829474 0.265038 0.023158 0.052632
