0 0.178110 0.301543 0.021809 0.044881
0 0.241115 0.251753 0.026656 0.054698
0 0.254847 0.269986 0.023425 0.040673
0 0.295234 0.229313 0.025040 0.049088
0 0.319467 0.236325 0.026656 0.054698
0 0.339257 0.229313 0.027464 0.060309
0 0.365105 0.218794 0.019386 0.042076
0 0.322294 0.326087 0.043619 0.091164
0 0.435784 0.202665 0.026656 0.051893
0 0.445477 0.223001 0.023425 0.047686
0 0.464459 0.239832 0.027464 0.067321
0 0.505654 0.262973 0.033926 0.079944
0 0.546850 0.276297 0.033926 0.078541
0 0.615105 0.302945 0.047658 0.078541
