0 0.077551 0.547463 0.048980 0.099836
0 0.209388 0.270867 0.013878 0.040917
0 0.226531 0.270867 0.015510 0.044190
0 0.266122 0.241408 0.017959 0.037643
0 0.293469 0.241408 0.017143 0.034370
0 0.297959 0.207038 0.017959 0.024550
0 0.328571 0.233224 0.013878 0.040917
0 0.359184 0.271686 0.021224 0.045827
0 0.342041 0.212766 0.013061 0.039280
0 0.359184 0.198036 0.013061 0.036007
0 0.387347 0.247136 0.017143 0.039280
0 0.421633 0.314239 0.023673 0.052373
0 0.571429 0.333879 0.019592 0.049100
0 0.595918 0.367430 0.024490 0.054010
0 0.657143 0.392799 0.024490 0.058920
0 0.601224 0.303601 0.025306 0.047463
0 0.461224 0.245499 0.021224 0.052373
0 0.400816 0.188216 0.017959 0.032733
0 0.426531 0.193126 0.017143 0.029460
0 0.415510 0.162848 0.014694 0.027823
0 0.467347 0.174304 0.013878 0.040917
0 0.491020 0.213584 0.013878 0.034370
0 0.546122 0.220949 0.013061 0.036007
0 0.570204 0.198036 0.015510 0.029460
0 0.508571 0.157119 0.016327 0.032733
0 0.490612 0.149755 0.013061 0.027823
0 0.548571 0.161211 0.014694 0.027823
0 0.572653 0.141571 0.012245 0.024550
0 0.592653 0.126023 0.014694 0.026187
0 0.629388 0.128478 0.014694 0.027823
0 0.646531 0.123568 0.016327 0.034370
0 0.650612 0.157119 0.011429 0.019640
0 0.654694 0.182488 0.011429 0.027823
0 0.602449 0.154664 0.016327 0.021277
0 0.605306 0.197218 0.013878 0.044190
0 0.655102 0.252046 0.018776 0.036007
0 0.722449 0.393617 0.024490 0.063830
0 0.799184 0.450900 0.026122 0.057283
0 0.852653 0.496727 0.025306 0.080196
0 0.877551 0.398527 0.022857 0.070376
0 0.864490 0.338789 0.019592 0.045827
0 0.798776 0.311784 0.020408 0.054010
0 0.751837 0.283142 0.017959 0.042553
0 0.711020 0.278232 0.019592 0.045827
0 0.695510 0.216039 0.014694 0.042553
0 0.682449 0.155483 0.016327 0.032733
0 0.705714 0.157938 0.015510 0.034370
0 0.731429 0.240589 0.017959 0.045827
0 0.754286 0.200491 0.011429 0.034370
0 0.775102 0.207856 0.013878 0.036007
0 0.792653 0.250409 0.016327 0.042553
0 0.818367 0.229133 0.015510 0.036007
0 0.873469 0.234861 0.013061 0.031097
0 0.887347 0.282324 0.019592 0.040917
0 0.901633 0.261866 0.015510 0.036007
0 0.952653 0.248773 0.014694 0.036007
0 0.989388 0.261047 0.014694 0.037643
0 0.906122 0.228314 0.016327 0.037643
0 0.932245 0.273322 0.013061 0.032733
0 0.972245 0.319149 0.014694 0.045827
0 0.924490 0.349427 0.017143 0.047463
0 0.948571 0.373159 0.019592 0.045827
0 0.978367 0.363339 0.015510 0.049100
0 0.952245 0.435352 0.028571 0.065466
0 0.808163 0.195581 0.014694 0.040917
0 0.773878 0.184124 0.016327 0.037643
0 0.524082 0.166939 0.016327 0.039280
0 0.548571 0.140753 0.016327 0.032733
