0 0.240706 0.431967 0.048327 0.106557
0 0.274628 0.267213 0.019517 0.032787
0 0.297862 0.275410 0.013941 0.036066
0 0.299257 0.245082 0.016729 0.018033
0 0.340613 0.290984 0.023234 0.040984
0 0.377788 0.295082 0.017658 0.036066
0 0.380112 0.254918 0.022305 0.021311
0 0.351766 0.247541 0.019517 0.026230
0 0.446097 0.227049 0.014870 0.031148
0 0.386617 0.186885 0.013011 0.022951
0 0.405669 0.195082 0.015799 0.022951
0 0.421004 0.182787 0.014870 0.027869
0 0.453996 0.190164 0.010223 0.029508
0 0.471654 0.189344 0.017658 0.034426
0 0.467472 0.240164 0.018587 0.040984
0 0.504647 0.301639 0.024164 0.055738
0 0.537175 0.326230 0.022305 0.055738
0 0.601766 0.348361 0.023234 0.054098
0 0.693773 0.325410 0.025093 0.057377
0 0.755112 0.337705 0.028810 0.065574
0 0.815056 0.406557 0.031599 0.072131
0 0.883829 0.377869 0.033457 0.067213
0 0.907993 0.318033 0.027881 0.055738
0 0.834108 0.314754 0.025093 0.052459
0 0.782528 0.274590 0.018587 0.044262
0 0.732807 0.254098 0.025093 0.052459
0 0.613848 0.265574 0.017658 0.045902
0 0.591078 0.245082 0.018587 0.044262
0 0.519981 0.210656 0.015799 0.037705
0 0.496747 0.204918 0.021375 0.036066
0 0.480483 0.158197 0.018587 0.034426
0 0.625000 0.210656 0.017658 0.037705
0 0.660316 0.215574 0.017658 0.034426
0 0.710967 0.240984 0.016729 0.039344
0 0.668216 0.175410 0.014870 0.032787
0 0.703067 0.188525 0.013941 0.039344
0 0.730483 0.207377 0.020446 0.037705
0 0.771840 0.222131 0.015799 0.044262
0 0.808086 0.244262 0.017658 0.042623
0 0.866171 0.263934 0.022305 0.052459
0 0.922862 0.267213 0.020446 0.049180
0 0.514405 0.127049 0.012082 0.021311
0 0.525558 0.166393 0.015799 0.027869
0 0.550186 0.186066 0.013011 0.037705
0 0.537639 0.132787 0.015799 0.029508
0 0.563197 0.126230 0.013011 0.029508
0 0.579461 0.168033 0.015799 0.034426
0 0.591078 0.139344 0.014870 0.026230
0 0.614312 0.151639 0.016729 0.031148
0 0.597584 0.109016 0.014870 0.031148
0 0.622212 0.104918 0.010223 0.022951
0 0.645446 0.136885 0.013941 0.034426
0 0.671468 0.109016 0.010223 0.024590
0 0.703532 0.107377 0.013011 0.027869
0 0.732807 0.138525 0.015799 0.037705
0 0.761152 0.152459 0.013011 0.029508
0 0.769517 0.131967 0.011152 0.031148
0 0.782528 0.178689 0.016729 0.039344
0 0.814126 0.154918 0.014870 0.027869
0 0.837361 0.122131 0.014870 0.024590
0 0.829926 0.147541 0.016729 0.022951
0 0.824814 0.201639 0.017658 0.042623
0 0.857342 0.166393 0.012082 0.034426
0 0.870818 0.134426 0.013011 0.029508
0 0.873606 0.215574 0.016729 0.040984
0 0.925651 0.221311 0.013011 0.039344
0 0.894052 0.177869 0.014870 0.037705
0 0.931227 0.163115 0.014870 0.027869
0 0.901022 0.153279 0.015799 0.031148
0 0.720260 0.173770 0.013011 0.032787
0 0.693309 0.172951 0.013011 0.034426
