0 0.149941 0.390269 0.040142 0.072464
0 0.294569 0.255694 0.020071 0.035197
0 0.331759 0.274327 0.021251 0.035197
0 0.424439 0.279503 0.022432 0.045549
0 0.419717 0.216356 0.020071 0.035197
0 0.380756 0.208075 0.020071 0.035197
0 0.447462 0.218427 0.016529 0.035197
0 0.444510 0.193582 0.015348 0.026915
0 0.427981 0.172878 0.017710 0.031056
0 0.442739 0.161491 0.016529 0.033126
0 0.468123 0.201863 0.020071 0.043478
0 0.480519 0.134576 0.016529 0.033126
0 0.492326 0.175983 0.021251 0.037267
0 0.513577 0.215321 0.018890 0.041408
0 0.518890 0.155280 0.015348 0.028986
0 0.531287 0.133540 0.014168 0.026915
0 0.548996 0.131470 0.014168 0.035197
0 0.574970 0.159420 0.014168 0.033126
0 0.564935 0.110766 0.012987 0.026915
0 0.585006 0.136646 0.012987 0.028986
0 0.599764 0.144928 0.014168 0.033126
0 0.594451 0.098344 0.010626 0.018634
0 0.612751 0.121118 0.016529 0.031056
0 0.685950 0.109731 0.014168 0.033126
0 0.474616 0.326087 0.030697 0.051760
0 0.538371 0.298137 0.028335 0.070393
0 0.560803 0.237060 0.025974 0.043478
0 0.600945 0.303313 0.028335 0.064182
0 0.611570 0.200828 0.021251 0.049689
0 0.655254 0.263975 0.025974 0.055901
0 0.708973 0.287785 0.024793 0.053830
0 0.766824 0.313665 0.024793 0.055901
0 0.655844 0.202899 0.024793 0.041408
0 0.680047 0.198758 0.016529 0.037267
0 0.691263 0.181159 0.022432 0.043478
0 0.681228 0.160455 0.021251 0.031056
0 0.711924 0.140787 0.018890 0.037267
0 0.741440 0.152174 0.016529 0.031056
0 0.750885 0.178054 0.021251 0.041408
0 0.739079 0.118012 0.016529 0.028986
0 0.802243 0.134576 0.015348 0.028986
0 0.788666 0.193582 0.021251 0.047619
0 0.844156 0.183230 0.016529 0.039337
0 0.861275 0.234990 0.022432 0.043478
0 0.883117 0.189441 0.018890 0.043478
0 0.913813 0.188406 0.018890 0.037267
0 0.958678 0.129400 0.016529 0.039337
