0 0.702282 0.592179 0.076763 0.152700
0 0.720436 0.418994 0.057054 0.108007
0 0.633817 0.248603 0.020747 0.046555
0 0.792531 0.229050 0.014523 0.033520
0 0.832469 0.259777 0.021784 0.046555
0 0.951245 0.207635 0.012448 0.031657
0 0.927905 0.274674 0.015560 0.042831
0 0.580913 0.218808 0.018672 0.042831
0 0.557054 0.200186 0.018672 0.035382
0 0.520228 0.195531 0.017635 0.033520
0 0.580394 0.132216 0.011411 0.026071
0 0.479772 0.134078 0.013485 0.029795
0 0.469917 0.160149 0.010373 0.022346
0 0.444502 0.229050 0.017635 0.033520
0 0.414938 0.224395 0.016598 0.031657
0 0.403008 0.191806 0.017635 0.037244
0 0.379668 0.170391 0.016598 0.027933
0 0.327282 0.200186 0.013485 0.031657
