0 0.081758 0.452218 0.028759 0.068259
0 0.136812 0.570819 0.033689 0.073379
0 0.058340 0.377133 0.024651 0.061433
0 0.057518 0.206485 0.021364 0.037543
0 0.092030 0.098123 0.014790 0.025597
0 0.116270 0.188567 0.017256 0.035836
0 0.159819 0.124573 0.013969 0.037543
0 0.191454 0.172355 0.014790 0.037543
0 0.175431 0.233788 0.015612 0.040956
0 0.241167 0.241468 0.022186 0.056314
0 0.214873 0.314846 0.022186 0.052901
0 0.213640 0.448805 0.027938 0.054608
0 0.550123 0.441980 0.027116 0.075085
0 0.456861 0.257679 0.023007 0.044369
0 0.487264 0.198805 0.018077 0.039249
0 0.518488 0.145051 0.014790 0.044369
0 0.557108 0.271331 0.023007 0.054608
0 0.698850 0.323379 0.020542 0.052901
0 0.364010 0.198805 0.019721 0.039249
0 0.317584 0.207338 0.017256 0.032423
0 0.296220 0.172355 0.015612 0.037543
0 0.298274 0.136519 0.018077 0.037543
0 0.262531 0.099829 0.015612 0.032423
0 0.229663 0.123720 0.015612 0.029010
0 0.371405 0.063140 0.011504 0.030717
0 0.400986 0.069966 0.011504 0.030717
0 0.433854 0.142491 0.016434 0.035836
0 0.388250 0.149317 0.015612 0.032423
0 0.441660 0.063993 0.012325 0.025597
0 0.472473 0.105802 0.014790 0.030717
0 0.476171 0.143345 0.015612 0.030717
0 0.493837 0.101536 0.013147 0.029010
0 0.518488 0.081911 0.009860 0.023891
0 0.495481 0.051195 0.011504 0.027304
0 0.555053 0.060580 0.013969 0.032423
0 0.585045 0.172355 0.018077 0.044369
0 0.623665 0.208191 0.018077 0.040956
0 0.605588 0.100683 0.013147 0.030717
0 0.585456 0.076792 0.012325 0.030717
0 0.635990 0.090444 0.014790 0.027304
0 0.669269 0.130546 0.015612 0.042662
0 0.720624 0.185154 0.014790 0.039249
0 0.742399 0.187713 0.013969 0.034130
0 0.725144 0.241468 0.017256 0.056314
0 0.794577 0.335324 0.027938 0.063140
0 0.789647 0.179181 0.013147 0.040956
0 0.827034 0.202218 0.017256 0.046075
0 0.870994 0.242321 0.016434 0.040956
0 0.891947 0.275597 0.015612 0.046075
0 0.945768 0.332765 0.016434 0.051195
