0 0.061856 0.414876 0.028116 0.076033
0 0.084817 0.421488 0.038425 0.085950
0 0.251172 0.270248 0.020619 0.044628
0 0.321931 0.206612 0.015933 0.033058
0 0.348641 0.232231 0.014995 0.028099
0 0.394096 0.193388 0.014058 0.029752
0 0.385661 0.218182 0.019681 0.049587
0 0.522493 0.074380 0.010309 0.019835
0 0.560450 0.207438 0.028116 0.061157
0 0.578725 0.152066 0.021556 0.046281
0 0.591846 0.129752 0.019681 0.047934
0 0.601687 0.177686 0.022493 0.051240
0 0.606373 0.291736 0.022493 0.057851
0 0.646204 0.193388 0.023430 0.049587
0 0.659325 0.137190 0.019681 0.046281
0 0.680881 0.135537 0.015933 0.039669
0 0.706186 0.184298 0.015933 0.038017
