0 0.150426 0.299003 0.024598 0.043189
0 0.257805 0.283223 0.035005 0.064784
0 0.379376 0.269934 0.018921 0.041528
0 0.350047 0.242525 0.028382 0.039867
0 0.423841 0.161960 0.018921 0.034884
0 0.465468 0.220930 0.024598 0.043189
0 0.492431 0.315615 0.031220 0.063123
0 0.543046 0.331395 0.032167 0.071429
0 0.595553 0.392857 0.038789 0.068106
0 0.639546 0.245017 0.022706 0.041528
0 0.651372 0.230897 0.021760 0.039867
0 0.539735 0.140365 0.010407 0.024917
0 0.574267 0.135382 0.017029 0.038206
0 0.600284 0.117110 0.012299 0.028239
0 0.795175 0.282392 0.027436 0.056478
0 0.855251 0.310631 0.032167 0.059801
0 0.913907 0.148671 0.011353 0.021595
0 0.943236 0.156977 0.015137 0.034884
