0 0.215941 0.308388 0.024096 0.047697
0 0.370250 0.212171 0.026877 0.052632
0 0.389713 0.194901 0.015755 0.031250
0 0.428638 0.261513 0.023170 0.046053
0 0.457831 0.222039 0.018536 0.036184
0 0.473123 0.191612 0.012048 0.027961
0 0.499073 0.181743 0.013902 0.031250
0 0.491659 0.148849 0.013902 0.031250
0 0.485171 0.168586 0.010195 0.024671
0 0.532437 0.132401 0.019462 0.044408
0 0.573216 0.129934 0.012048 0.019737
0 0.488415 0.299342 0.020389 0.042763
0 0.694161 0.180099 0.014829 0.031250
0 0.630213 0.240954 0.024096 0.050987
