0 0.216410 0.346789 0.053333 0.095413
0 0.434872 0.215596 0.020513 0.049541
0 0.475385 0.217431 0.021538 0.045872
0 0.531282 0.191743 0.020513 0.034862
0 0.614359 0.204587 0.026667 0.053211
0 0.625641 0.229358 0.022564 0.047706
0 0.664103 0.213761 0.023590 0.042202
0 0.672308 0.241284 0.023590 0.049541
0 0.667692 0.169725 0.020513 0.049541
0 0.716923 0.203670 0.022564 0.058716
0 0.750256 0.276147 0.035897 0.075229
0 0.718462 0.302752 0.031795 0.069725
0 0.830769 0.262385 0.026667 0.058716
0 0.869231 0.288991 0.025641 0.049541
0 0.942051 0.404587 0.050256 0.100917
