0 0.882943 0.254286 0.010033 0.028571
0 0.849080 0.252143 0.010870 0.030000
0 0.866221 0.267857 0.011706 0.032857
0 0.860368 0.276429 0.015050 0.035714
0 0.902592 0.278571 0.012542 0.031429
0 0.946070 0.279286 0.010870 0.024286
0 0.942308 0.303571 0.011706 0.035714
0 0.899666 0.307143 0.015050 0.034286
0 0.920987 0.320714 0.015886 0.038571
0 0.935619 0.347143 0.018395 0.042857
0 0.890468 0.331429 0.016722 0.040000
0 0.868729 0.369286 0.018395 0.055714
0 0.913462 0.457857 0.024247 0.064286
0 0.855351 0.442143 0.026756 0.061429
0 0.843227 0.521429 0.025920 0.068571
0 0.818144 0.360000 0.017559 0.045714
0 0.843645 0.336429 0.015050 0.041429
0 0.778428 0.422143 0.025084 0.055714
0 0.780518 0.282143 0.014214 0.035714
0 0.825251 0.305000 0.013378 0.038571
0 0.846990 0.318571 0.015050 0.040000
0 0.831104 0.279286 0.015050 0.032857
0 0.768813 0.232857 0.012542 0.031429
0 0.748746 0.243571 0.014214 0.035714
0 0.748328 0.258571 0.013378 0.034286
0 0.766722 0.262143 0.013378 0.032857
0 0.786371 0.245000 0.012542 0.035714
0 0.792642 0.246429 0.015050 0.030000
0 0.733278 0.283571 0.015050 0.035714
0 0.704013 0.219286 0.011706 0.027143
0 0.706940 0.241429 0.012542 0.031429
0 0.680602 0.227857 0.011706 0.027143
0 0.661789 0.205714 0.009197 0.022857
0 0.679766 0.260714 0.015050 0.032857
0 0.692308 0.296429 0.016722 0.038571
0 0.644231 0.244286 0.014214 0.028571
0 0.644231 0.221429 0.012542 0.025714
0 0.630435 0.215000 0.013378 0.024286
0 0.612876 0.205000 0.010033 0.024286
0 0.637960 0.293571 0.018395 0.038571
0 0.608278 0.217857 0.010870 0.030000
0 0.601589 0.246429 0.012542 0.027143
0 0.567308 0.214286 0.009197 0.022857
0 0.584030 0.257857 0.012542 0.032857
0 0.575669 0.246429 0.012542 0.030000
0 0.547241 0.244286 0.014214 0.031429
0 0.556020 0.277143 0.011706 0.034286
0 0.526338 0.247143 0.010870 0.028571
0 0.520903 0.272857 0.015050 0.034286
0 0.475753 0.234286 0.011706 0.025714
0 0.429766 0.234286 0.011706 0.025714
0 0.439799 0.264286 0.015050 0.034286
0 0.473244 0.262857 0.013378 0.028571
0 0.493311 0.261429 0.015050 0.034286
0 0.475334 0.297143 0.015886 0.034286
0 0.502090 0.315714 0.017559 0.040000
0 0.388796 0.260714 0.011706 0.027143
0 0.406773 0.265714 0.014214 0.028571
0 0.436455 0.305000 0.016722 0.038571
0 0.410535 0.297143 0.013378 0.031429
0 0.354097 0.288571 0.012542 0.031429
0 0.359114 0.322857 0.014214 0.031429
0 0.386706 0.329286 0.017559 0.038571
0 0.408863 0.335000 0.018395 0.038571
0 0.331104 0.351429 0.020067 0.042857
0 0.283863 0.302857 0.014214 0.031429
0 0.291806 0.356429 0.020067 0.041429
0 0.227425 0.335000 0.015050 0.032857
0 0.252090 0.367857 0.015886 0.044286
0 0.710702 0.479286 0.031773 0.084286
0 0.727425 0.405000 0.025084 0.050000
0 0.695652 0.350714 0.020067 0.044286
0 0.661789 0.363571 0.024247 0.052857
0 0.600753 0.332143 0.020903 0.044286
0 0.648829 0.340000 0.018395 0.045714
0 0.645485 0.464286 0.033445 0.065714
0 0.600334 0.397143 0.023411 0.060000
0 0.603679 0.435000 0.026756 0.070000
0 0.448579 0.341429 0.020903 0.045714
0 0.466973 0.401429 0.027592 0.057143
0 0.012960 0.420714 0.024247 0.052857
0 0.536371 0.347143 0.022575 0.048571
0 0.548495 0.400000 0.026756 0.054286
