0 0.215100 0.443603 0.052232 0.095960
0 0.248338 0.375421 0.042735 0.094276
0 0.298670 0.241582 0.023742 0.045455
0 0.341880 0.281145 0.022792 0.047138
0 0.357075 0.258418 0.017094 0.035354
0 0.392213 0.187710 0.020893 0.042088
0 0.420228 0.126263 0.014245 0.026936
0 0.449668 0.185185 0.018044 0.040404
0 0.431149 0.214646 0.020893 0.038721
0 0.450617 0.218855 0.021842 0.037037
0 0.437322 0.281987 0.021842 0.048822
0 0.485755 0.316498 0.027540 0.053872
0 0.474834 0.198653 0.017094 0.037037
0 0.457265 0.143939 0.014245 0.031987
0 0.483856 0.164141 0.016144 0.031987
0 0.490028 0.129630 0.013295 0.023569
0 0.514720 0.170034 0.017094 0.033670
0 0.527066 0.207071 0.018993 0.037037
0 0.537512 0.138047 0.015195 0.040404
0 0.557455 0.143939 0.013295 0.031987
0 0.568851 0.109428 0.011396 0.023569
0 0.584046 0.155724 0.017094 0.035354
0 0.599240 0.091751 0.015195 0.035354
0 0.614435 0.241582 0.020893 0.042088
0 0.664767 0.258418 0.022792 0.052189
0 0.722697 0.278620 0.026591 0.055556
0 0.778727 0.306397 0.024691 0.053872
0 0.688984 0.153199 0.016144 0.040404
0 0.700380 0.092593 0.016144 0.037037
0 0.710826 0.177609 0.018044 0.035354
0 0.716049 0.145623 0.017094 0.038721
0 0.732669 0.167508 0.014245 0.028620
0 0.749763 0.143939 0.012346 0.031987
0 0.762108 0.165825 0.014245 0.035354
0 0.755461 0.110269 0.010446 0.025253
0 0.816239 0.127946 0.012346 0.026936
0 0.802944 0.180135 0.016144 0.040404
0 0.855651 0.192761 0.017094 0.038721
0 0.877968 0.223064 0.019943 0.035354
