0 0.065024 0.311533 0.020194 0.040788
0 0.087237 0.294655 0.017771 0.032349
0 0.199919 0.226442 0.020194 0.036568
0 0.243538 0.287623 0.026656 0.049226
0 0.226979 0.426160 0.048465 0.109705
0 0.353393 0.272152 0.037964 0.057665
0 0.305331 0.159634 0.019386 0.035162
0 0.344507 0.146976 0.016963 0.035162
0 0.369952 0.146976 0.016155 0.032349
0 0.413166 0.101266 0.016963 0.039381
0 0.457997 0.102672 0.017771 0.036568
0 0.514943 0.208158 0.020194 0.042194
0 0.542407 0.196203 0.018578 0.037975
0 0.533926 0.175105 0.017771 0.035162
0 0.570275 0.107595 0.019386 0.040788
0 0.598546 0.086498 0.014540 0.026723
