0 0.077706 0.355285 0.046253 0.069919
0 0.275671 0.187805 0.022202 0.037398
0 0.298335 0.197561 0.017576 0.047154
0 0.313599 0.179675 0.024052 0.043902
0 0.407031 0.164228 0.027752 0.058537
0 0.450046 0.178862 0.034228 0.068293
0 0.492599 0.162602 0.036078 0.061789
0 0.549491 0.171545 0.025902 0.053659
0 0.542091 0.146341 0.025902 0.052033
0 0.549029 0.284553 0.032377 0.065041
0 0.600370 0.177236 0.031452 0.061789
0 0.631822 0.240650 0.037003 0.058537
0 0.680389 0.280488 0.047179 0.102439
0 0.764107 0.207317 0.035153 0.066667
