0 0.165862 0.474053 0.049919 0.078541
0 0.293881 0.267181 0.022544 0.043478
0 0.307568 0.234923 0.017713 0.037868
0 0.340177 0.255961 0.020129 0.037868
0 0.332528 0.227209 0.016103 0.033661
0 0.366345 0.253857 0.020934 0.042076
0 0.376812 0.229313 0.016103 0.035063
0 0.363929 0.217391 0.016103 0.036466
0 0.396940 0.280505 0.025765 0.050491
0 0.404992 0.225105 0.019324 0.035063
0 0.423108 0.187938 0.015298 0.033661
0 0.450886 0.211781 0.020934 0.036466
0 0.435185 0.187237 0.020129 0.040673
0 0.450886 0.180224 0.016103 0.032258
0 0.451691 0.152875 0.016103 0.028050
0 0.474638 0.169004 0.015298 0.032258
0 0.464976 0.157083 0.012077 0.028050
0 0.481481 0.142356 0.014493 0.032258
0 0.491143 0.187938 0.022544 0.044881
0 0.503623 0.220196 0.020129 0.047686
0 0.525765 0.162693 0.017713 0.036466
0 0.518921 0.141655 0.015298 0.025245
0 0.512882 0.126928 0.012882 0.021038
0 0.538647 0.179523 0.016103 0.039271
0 0.547504 0.134642 0.016103 0.033661
0 0.561192 0.138850 0.016103 0.028050
0 0.582126 0.161290 0.017713 0.036466
0 0.566828 0.107293 0.012882 0.029453
0 0.596216 0.126928 0.012077 0.026648
0 0.615137 0.150771 0.017713 0.035063
0 0.611916 0.124123 0.014493 0.029453
0 0.585749 0.115708 0.010467 0.023843
0 0.621176 0.096774 0.010467 0.022440
0 0.640097 0.098177 0.012882 0.025245
0 0.648953 0.137447 0.019324 0.036466
0 0.669887 0.129734 0.012882 0.029453
0 0.675926 0.100281 0.012077 0.029453
0 0.691224 0.110098 0.013688 0.029453
0 0.688003 0.155680 0.016908 0.033661
0 0.686393 0.192146 0.020129 0.036466
0 0.664654 0.215989 0.023349 0.047686
0 0.538647 0.291725 0.030596 0.070126
0 0.565217 0.236325 0.025765 0.049088
0 0.607488 0.243338 0.024960 0.060309
0 0.629227 0.197756 0.021739 0.047686
0 0.673913 0.262272 0.022544 0.053296
0 0.617552 0.329593 0.032206 0.070126
0 0.824879 0.386396 0.041063 0.085554
0 0.888084 0.441094 0.043478 0.082749
0 0.712158 0.224404 0.021739 0.056101
0 0.757246 0.242637 0.024960 0.058906
0 0.727858 0.185835 0.017713 0.037868
0 0.728663 0.132539 0.016103 0.035063
0 0.745974 0.140252 0.016908 0.033661
0 0.750805 0.112202 0.015298 0.028050
0 0.760064 0.177419 0.016103 0.037868
0 0.780998 0.151473 0.016103 0.036466
0 0.797504 0.109397 0.015298 0.025245
0 0.814412 0.122020 0.012077 0.033661
0 0.828502 0.152875 0.012882 0.036466
0 0.838164 0.136045 0.011272 0.033661
0 0.844203 0.120617 0.012077 0.025245
0 0.849034 0.180926 0.015298 0.036466
0 0.833333 0.214586 0.016103 0.039271
0 0.824477 0.252454 0.017713 0.044881
0 0.783816 0.207574 0.020129 0.039271
0 0.842593 0.238429 0.018519 0.036466
0 0.849436 0.287518 0.027375 0.067321
0 0.867955 0.269285 0.020934 0.058906
0 0.779388 0.308555 0.032206 0.064516
0 0.928341 0.326087 0.032206 0.065919
0 0.919082 0.265778 0.024960 0.063114
0 0.925523 0.233520 0.021739 0.046283
0 0.942834 0.207574 0.019324 0.039271
0 0.897343 0.186536 0.016908 0.033661
0 0.880837 0.229313 0.019324 0.051893
0 0.873591 0.189341 0.014493 0.030856
0 0.869163 0.154979 0.013688 0.035063
0 0.881240 0.140252 0.015298 0.033661
0 0.904992 0.153576 0.016103 0.037868
0 0.917874 0.138149 0.016103 0.032258
0 0.935990 0.156381 0.015298 0.037868
0 0.805556 0.183029 0.021739 0.037868
