0 0.214420 0.453048 0.042413 0.092257
0 0.248822 0.380560 0.041470 0.092257
0 0.226202 0.222405 0.015080 0.026359
0 0.289821 0.248764 0.016023 0.026359
0 0.336475 0.282537 0.020735 0.034596
0 0.357210 0.256178 0.015080 0.034596
0 0.434025 0.283361 0.021678 0.039539
0 0.453346 0.223229 0.015080 0.031301
0 0.430726 0.217463 0.015080 0.026359
0 0.390198 0.189456 0.015080 0.029654
0 0.454288 0.186985 0.016965 0.031301
0 0.478322 0.200988 0.014138 0.023064
0 0.461828 0.141680 0.011310 0.023064
0 0.474552 0.154036 0.014138 0.021417
0 0.485391 0.165568 0.015080 0.018122
0 0.514138 0.173806 0.010368 0.024712
0 0.528746 0.204283 0.018850 0.029654
0 0.490104 0.134267 0.011310 0.018122
0 0.535815 0.140033 0.016023 0.029654
0 0.566918 0.147446 0.014138 0.028007
0 0.586711 0.159802 0.012253 0.029654
0 0.579642 0.112026 0.013195 0.019769
0 0.668238 0.051895 0.015080 0.031301
0 0.698869 0.094728 0.012253 0.024712
0 0.487747 0.322900 0.025448 0.046129
0 0.622055 0.246293 0.024505 0.047776
0 0.670123 0.257825 0.018850 0.047776
0 0.726673 0.284185 0.022620 0.044481
0 0.781338 0.314662 0.022620 0.059308
0 0.717719 0.183690 0.019793 0.041186
0 0.693214 0.154860 0.017908 0.039539
0 0.721489 0.149918 0.016023 0.029654
0 0.736569 0.162273 0.016023 0.034596
0 0.766730 0.172982 0.019793 0.039539
0 0.757776 0.144152 0.016965 0.028007
0 0.756833 0.115321 0.013195 0.026359
0 0.821395 0.127677 0.010368 0.028007
0 0.806315 0.184514 0.016023 0.032949
0 0.858153 0.196870 0.017908 0.034596
0 0.883600 0.232290 0.016023 0.039539
