0 0.060826 0.386497 0.021205 0.048924
0 0.252790 0.262231 0.014509 0.027397
0 0.272321 0.266145 0.020089 0.035225
0 0.309152 0.245597 0.015625 0.025440
0 0.301339 0.226027 0.013393 0.033268
0 0.334821 0.247554 0.015625 0.037182
0 0.351004 0.255382 0.016741 0.037182
0 0.354911 0.297456 0.022321 0.046967
0 0.345982 0.222114 0.015625 0.029354
0 0.376116 0.215264 0.020089 0.039139
0 0.397321 0.268102 0.024554 0.050881
0 0.382254 0.188845 0.018973 0.033268
0 0.401228 0.203523 0.021205 0.031311
0 0.440290 0.224070 0.021205 0.033268
0 0.444754 0.188845 0.018973 0.029354
0 0.465960 0.228963 0.021205 0.039139
0 0.456473 0.149706 0.015625 0.025440
0 0.477121 0.194716 0.016741 0.033268
0 0.470982 0.171233 0.015625 0.029354
0 0.478795 0.138943 0.015625 0.023483
0 0.500000 0.193738 0.017857 0.031311
0 0.526786 0.213307 0.022321 0.039139
0 0.525670 0.164384 0.013393 0.023483
0 0.543527 0.160470 0.015625 0.035225
0 0.562500 0.148728 0.013393 0.027397
0 0.560826 0.120352 0.014509 0.029354
0 0.575893 0.165362 0.015625 0.029354
0 0.594866 0.144814 0.015625 0.031311
0 0.612723 0.148728 0.013393 0.031311
0 0.633371 0.139922 0.016741 0.033268
0 0.643415 0.121331 0.014509 0.027397
0 0.664621 0.119374 0.012277 0.031311
0 0.498884 0.300391 0.029018 0.064579
0 0.542969 0.246575 0.025670 0.046967
0 0.569196 0.292564 0.024554 0.048924
0 0.614397 0.300391 0.027902 0.056751
0 0.614955 0.244618 0.022321 0.050881
0 0.613839 0.204501 0.024554 0.045010
0 0.646763 0.203523 0.023438 0.043053
0 0.652344 0.285714 0.027902 0.054795
0 0.700335 0.267123 0.027902 0.060665
0 0.710938 0.226027 0.020089 0.048924
0 0.691964 0.181996 0.020089 0.043053
0 0.691406 0.145793 0.018973 0.033268
0 0.716518 0.166341 0.015625 0.039139
0 0.724888 0.198630 0.021205 0.041096
0 0.749442 0.238748 0.021205 0.058708
0 0.760603 0.212329 0.021205 0.041096
0 0.760045 0.171233 0.017857 0.037182
0 0.745536 0.137965 0.015625 0.033268
0 0.724330 0.117417 0.015625 0.035225
0 0.756696 0.132094 0.017857 0.037182
0 0.773438 0.169276 0.017857 0.037182
0 0.782924 0.149706 0.014509 0.029354
0 0.770089 0.286693 0.029018 0.060665
0 0.837612 0.318004 0.027902 0.056751
0 0.852679 0.236791 0.024554 0.046967
0 0.820871 0.207436 0.016741 0.039139
0 0.829799 0.157534 0.014509 0.033268
0 0.845982 0.160470 0.015625 0.031311
0 0.859375 0.193738 0.015625 0.039139
0 0.885045 0.215264 0.015625 0.043053
0 0.897879 0.231898 0.014509 0.037182
0 0.913504 0.253425 0.023438 0.048924
0 0.880580 0.166341 0.015625 0.031311
0 0.896205 0.187867 0.015625 0.035225
