0 0.230492 0.395474 0.052821 0.092672
0 0.367347 0.206897 0.026411 0.056034
0 0.536014 0.195043 0.018007 0.040948
0 0.622449 0.224138 0.022809 0.043103
0 0.666867 0.200431 0.018007 0.034483
0 0.704682 0.206897 0.019208 0.038793
0 0.744898 0.217672 0.020408 0.038793
0 0.662065 0.253233 0.022809 0.053879
0 0.673469 0.232759 0.019208 0.043103
0 0.750900 0.282328 0.022809 0.047414
0 0.759304 0.268319 0.020408 0.040948
0 0.750900 0.365302 0.030012 0.079741
0 0.823529 0.266164 0.021609 0.053879
0 0.810924 0.407328 0.030012 0.077586
0 0.908163 0.397629 0.032413 0.071121
