0 0.898956 0.479798 0.027514 0.074074
0 0.915560 0.363636 0.018975 0.053872
0 0.896584 0.190236 0.017078 0.040404
0 0.891841 0.221380 0.015180 0.045455
0 0.910816 0.188552 0.015180 0.040404
0 0.934535 0.236532 0.017078 0.042088
0 0.932163 0.276936 0.018027 0.048822
0 0.874763 0.288721 0.017078 0.045455
0 0.847249 0.319024 0.022770 0.048822
0 0.815939 0.290404 0.020873 0.052189
0 0.831594 0.249158 0.018027 0.043771
0 0.854364 0.218855 0.016129 0.037037
0 0.860057 0.176768 0.016129 0.040404
0 0.870493 0.179293 0.014231 0.038721
0 0.811195 0.160774 0.013283 0.035354
0 0.817362 0.191077 0.016129 0.038721
0 0.836338 0.165825 0.014231 0.031987
0 0.790323 0.207912 0.017078 0.042088
0 0.781309 0.175926 0.014231 0.038721
0 0.759013 0.151515 0.015180 0.037037
0 0.739564 0.182660 0.014231 0.035354
0 0.701139 0.170875 0.013283 0.028620
0 0.666034 0.177609 0.017078 0.038721
0 0.666509 0.218013 0.018027 0.045455
0 0.721063 0.231481 0.018975 0.052189
0 0.635674 0.247475 0.022770 0.050505
0 0.655123 0.282828 0.021822 0.050505
0 0.624763 0.302189 0.025617 0.069024
0 0.571157 0.292088 0.024668 0.062290
0 0.569734 0.255892 0.019924 0.050505
0 0.684061 0.337542 0.028463 0.069024
0 0.707306 0.199495 0.018027 0.035354
0 0.625712 0.135522 0.012334 0.028620
0 0.594877 0.151515 0.015180 0.030303
0 0.567362 0.069865 0.009488 0.025253
0 0.553131 0.169192 0.011385 0.025253
0 0.560247 0.178451 0.012334 0.033670
0 0.537476 0.117845 0.008539 0.020202
0 0.546964 0.139731 0.012334 0.023569
0 0.512334 0.144781 0.011385 0.026936
0 0.518975 0.166667 0.013283 0.033670
0 0.490038 0.142256 0.010436 0.025253
0 0.493359 0.164141 0.013283 0.031987
0 0.471537 0.140572 0.013283 0.021886
0 0.450664 0.148148 0.013283 0.026936
0 0.434061 0.176768 0.014231 0.030303
0 0.452087 0.170875 0.014231 0.031987
0 0.473435 0.175926 0.015180 0.035354
0 0.414611 0.209596 0.013283 0.035354
0 0.451139 0.225589 0.014231 0.040404
0 0.481025 0.230640 0.017078 0.043771
0 0.498577 0.305556 0.025617 0.055556
0 0.313093 0.236532 0.015180 0.035354
0 0.348197 0.191919 0.015180 0.030303
0 0.199715 0.439394 0.037002 0.080808
0 0.554080 0.119529 0.011385 0.023569
