0 0.607045 0.105348 0.011894 0.029173
0 0.427722 0.197731 0.017383 0.038898
0 0.458829 0.199352 0.019213 0.042139
0 0.650503 0.122366 0.014639 0.027553
0 0.660567 0.143436 0.012809 0.027553
0 0.750229 0.144246 0.014639 0.029173
0 0.766240 0.148298 0.013724 0.030794
0 0.822507 0.256078 0.020128 0.045381
0 0.867795 0.185575 0.011894 0.030794
0 0.888381 0.215559 0.014639 0.032415
0 0.887466 0.248784 0.016468 0.047002
0 0.912626 0.250405 0.015554 0.034036
0 0.937786 0.188817 0.012809 0.030794
0 0.620311 0.139384 0.014639 0.029173
