0 0.315985 0.242525 0.014870 0.036545
0 0.326208 0.234219 0.016729 0.033223
0 0.346654 0.233389 0.020446 0.034884
0 0.356413 0.269934 0.026952 0.041528
0 0.391264 0.282392 0.024164 0.056478
0 0.378253 0.245017 0.020446 0.038206
0 0.382900 0.202658 0.018587 0.036545
0 0.404275 0.202658 0.018587 0.039867
0 0.441914 0.189369 0.015799 0.036545
0 0.459108 0.243355 0.024164 0.051495
0 0.460037 0.206811 0.014870 0.031561
0 0.480019 0.200997 0.019517 0.039867
0 0.489312 0.159468 0.017658 0.036545
0 0.519517 0.174419 0.020446 0.036545
0 0.545074 0.166113 0.021375 0.036545
0 0.583643 0.169435 0.018587 0.039867
0 0.575743 0.135382 0.015799 0.024917
0 0.644517 0.068937 0.015799 0.031561
0 0.496747 0.299003 0.026952 0.056478
0 0.564591 0.292359 0.030669 0.056478
0 0.597584 0.323090 0.027881 0.064784
0 0.622212 0.256645 0.026952 0.054817
0 0.619424 0.210963 0.021375 0.043189
0 0.648234 0.182724 0.021375 0.043189
0 0.650558 0.273256 0.026022 0.064784
0 0.682156 0.190199 0.018587 0.041528
0 0.688662 0.163621 0.016729 0.034884
0 0.698420 0.231728 0.021375 0.051495
0 0.710037 0.280731 0.026022 0.056478
0 0.724907 0.201827 0.024164 0.048173
0 0.749071 0.230897 0.026022 0.056478
0 0.764870 0.167774 0.020446 0.046512
0 0.777416 0.274086 0.028810 0.059801
0 0.834572 0.327243 0.026022 0.066445
0 0.855019 0.267442 0.022305 0.056478
0 0.901952 0.245017 0.023234 0.058140
0 0.925186 0.251661 0.019517 0.048173
