0 0.840798 0.115517 0.010711 0.024138
0 0.866602 0.123276 0.007790 0.025862
0 0.853457 0.143966 0.010711 0.029310
0 0.888510 0.144828 0.012658 0.027586
0 0.903603 0.143103 0.009737 0.024138
0 0.928432 0.153448 0.006816 0.020690
0 0.924051 0.200000 0.015579 0.037931
0 0.930380 0.231897 0.014606 0.039655
0 0.883642 0.181897 0.016553 0.039655
0 0.876339 0.196552 0.017527 0.037931
0 0.865628 0.256034 0.019474 0.039655
0 0.914314 0.293966 0.021422 0.060345
0 0.896300 0.361207 0.022395 0.063793
0 0.845667 0.292241 0.026290 0.063793
0 0.794547 0.364655 0.027264 0.063793
0 0.768257 0.263793 0.023369 0.055172
0 0.747809 0.331897 0.029211 0.067241
0 0.811100 0.131897 0.015579 0.036207
0 0.818403 0.145690 0.014606 0.036207
0 0.793574 0.139655 0.013632 0.034483
0 0.825219 0.194828 0.014606 0.044828
0 0.808666 0.242241 0.020448 0.046552
0 0.778481 0.190517 0.022395 0.053448
0 0.738559 0.178448 0.016553 0.039655
0 0.750243 0.216379 0.020448 0.050000
0 0.707887 0.223276 0.017527 0.043103
0 0.696689 0.281034 0.024343 0.048276
0 0.688900 0.311207 0.030185 0.067241
0 0.693281 0.185345 0.019474 0.039655
0 0.669912 0.169828 0.015579 0.039655
0 0.661636 0.205172 0.018500 0.044828
0 0.690360 0.146552 0.015579 0.027586
0 0.700097 0.097414 0.009737 0.022414
0 0.672347 0.102586 0.010711 0.022414
0 0.593963 0.103448 0.009737 0.024138
0 0.617819 0.100000 0.010711 0.020690
0 0.637293 0.102586 0.010711 0.022414
0 0.653846 0.115517 0.010711 0.024138
0 0.646056 0.131034 0.010711 0.024138
0 0.601266 0.150862 0.012658 0.025862
0 0.609542 0.126724 0.011685 0.022414
0 0.555501 0.111207 0.010711 0.022414
0 0.560857 0.125000 0.011685 0.025862
0 0.573515 0.162069 0.011685 0.027586
0 0.528724 0.127586 0.009737 0.020690
0 0.545278 0.169828 0.013632 0.029310
0 0.519961 0.164655 0.013632 0.025862
0 0.509250 0.130172 0.007790 0.022414
0 0.472249 0.156034 0.011685 0.029310
0 0.450341 0.150862 0.008763 0.022414
0 0.446446 0.182759 0.012658 0.027586
0 0.444499 0.222414 0.016553 0.037931
0 0.480526 0.181034 0.012658 0.034483
0 0.490750 0.157759 0.013632 0.029310
0 0.489289 0.190517 0.016553 0.036207
0 0.488802 0.299138 0.025316 0.050000
0 0.521908 0.195690 0.013632 0.043103
0 0.533593 0.323276 0.025316 0.053448
0 0.560370 0.257759 0.020448 0.046552
0 0.614898 0.202586 0.016553 0.039655
0 0.608569 0.317241 0.023369 0.055172
0 0.255112 0.260345 0.013632 0.034483
0 0.278968 0.249138 0.014606 0.025862
0 0.328140 0.203448 0.015579 0.031034
0 0.362707 0.191379 0.010711 0.031034
0 0.358812 0.239655 0.024343 0.051724
0 0.386563 0.268103 0.013632 0.036207
0 0.407984 0.182759 0.015579 0.034483
0 0.392892 0.211207 0.014606 0.039655
0 0.388997 0.196552 0.014606 0.034483
