0 0.181388 0.359551 0.053628 0.089888
0 0.317560 0.230337 0.010515 0.033708
0 0.621977 0.099251 0.011567 0.026217
0 0.634069 0.102060 0.012618 0.020599
0 0.660358 0.106742 0.012618 0.029963
0 0.591483 0.105805 0.013670 0.024345
0 0.554154 0.120787 0.014721 0.031835
0 0.514721 0.107678 0.013670 0.024345
0 0.701893 0.117978 0.015773 0.026217
0 0.475815 0.126404 0.011567 0.028090
0 0.415352 0.158240 0.014721 0.028090
0 0.349106 0.201311 0.016824 0.035581
0 0.321767 0.205056 0.016824 0.028090
0 0.413249 0.198502 0.016824 0.029963
0 0.446898 0.204120 0.018927 0.029963
0 0.490536 0.153558 0.017876 0.033708
0 0.513670 0.148876 0.017876 0.039326
0 0.537855 0.145131 0.019979 0.031835
0 0.576761 0.133895 0.019979 0.035581
0 0.559411 0.182584 0.023134 0.043071
0 0.605152 0.142322 0.017876 0.037453
0 0.643533 0.145131 0.016824 0.035581
0 0.673502 0.139513 0.017876 0.031835
0 0.486856 0.213483 0.025237 0.048689
0 0.762355 0.146067 0.016824 0.033708
0 0.786540 0.132959 0.016824 0.029963
0 0.527340 0.272472 0.032597 0.050562
0 0.586225 0.281835 0.022082 0.058052
0 0.604101 0.301498 0.043113 0.074906
0 0.621977 0.254682 0.026288 0.052434
0 0.641430 0.197566 0.021030 0.043071
0 0.669821 0.207865 0.027340 0.056180
0 0.713460 0.182584 0.019979 0.039326
0 0.722923 0.226592 0.022082 0.048689
0 0.685594 0.261236 0.027340 0.050562
0 0.700841 0.322097 0.030494 0.074906
0 0.738696 0.387640 0.030494 0.052434
0 0.802839 0.209738 0.024185 0.041199
0 0.801262 0.167603 0.016824 0.031835
0 0.774974 0.189139 0.021030 0.037453
0 0.845952 0.150749 0.015773 0.035581
0 0.883281 0.152622 0.014721 0.035581
0 0.917981 0.168539 0.014721 0.037453
0 0.944269 0.170412 0.012618 0.041199
0 0.859096 0.198502 0.016824 0.044944
0 0.805994 0.284644 0.030494 0.067416
0 0.833859 0.228464 0.027340 0.052434
0 0.884858 0.191011 0.019979 0.041199
0 0.940589 0.224719 0.024185 0.044944
0 0.876972 0.260300 0.018927 0.052434
0 0.827550 0.354869 0.031546 0.061798
0 0.933228 0.288390 0.024185 0.063670
0 0.922187 0.361423 0.025237 0.048689
0 0.896951 0.413858 0.035752 0.071161
0 0.463197 0.149813 0.013670 0.029963
0 0.531546 0.123596 0.017876 0.022472
0 0.556257 0.154494 0.016824 0.035581
0 0.617771 0.117041 0.019979 0.043071
0 0.593586 0.169476 0.015773 0.039326
0 0.762355 0.124532 0.014721 0.028090
0 0.820715 0.183521 0.022082 0.052434
0 0.848580 0.311798 0.029443 0.058052
0 0.880126 0.224719 0.021030 0.052434
0 0.938486 0.197566 0.022082 0.050562
0 0.424816 0.172285 0.014721 0.026217
0 0.658780 0.135768 0.015773 0.031835
0 0.594111 0.235955 0.023134 0.052434
