0 0.330125 0.147410 0.021518 0.039841
0 0.386750 0.123506 0.016988 0.027888
0 0.416761 0.219124 0.018120 0.035857
0 0.451869 0.234064 0.020385 0.037849
0 0.550963 0.174303 0.016988 0.029880
0 0.563420 0.186255 0.016988 0.041833
0 0.619479 0.138446 0.013590 0.029880
0 0.637033 0.125498 0.016988 0.031873
0 0.673273 0.170319 0.014723 0.029880
0 0.680634 0.226096 0.020385 0.045817
0 0.631370 0.220120 0.019253 0.041833
0 0.624575 0.271912 0.023783 0.049801
0 0.688562 0.299801 0.027180 0.049801
0 0.630804 0.317729 0.029445 0.057769
0 0.938845 0.241036 0.020385 0.047809
