0 0.212512 0.469440 0.041070 0.096774
0 0.253104 0.445671 0.049666 0.089983
0 0.481375 0.321732 0.030564 0.056027
0 0.351480 0.253820 0.024833 0.039049
0 0.372015 0.247029 0.025788 0.049236
0 0.434097 0.276740 0.027698 0.040747
0 0.425501 0.224109 0.021968 0.030560
0 0.449379 0.230900 0.020057 0.037351
0 0.452722 0.190153 0.021012 0.037351
0 0.476122 0.196944 0.018147 0.033956
0 0.464183 0.151952 0.017192 0.042445
0 0.474690 0.158744 0.017192 0.042445
0 0.498090 0.153650 0.018147 0.032258
0 0.492359 0.132428 0.012416 0.030560
0 0.534384 0.135823 0.016237 0.030560
0 0.563515 0.146859 0.019102 0.042445
0 0.588348 0.146859 0.015282 0.035654
0 0.540115 0.200340 0.018147 0.037351
0 0.656638 0.264007 0.029608 0.059423
0 0.684336 0.159593 0.025788 0.047538
0 0.712989 0.146010 0.016237 0.037351
0 0.814709 0.128183 0.013372 0.035654
0 0.752627 0.136672 0.013372 0.039049
0 0.739733 0.165535 0.029608 0.052632
0 0.765043 0.180815 0.021012 0.052632
0 0.803247 0.188455 0.019102 0.040747
0 0.722063 0.282683 0.026743 0.059423
0 0.773161 0.314092 0.023878 0.057725
0 0.879179 0.230051 0.023878 0.045840
