0 0.082474 0.432231 0.043112 0.087603
0 0.255389 0.280992 0.017807 0.026446
0 0.298500 0.252066 0.019681 0.038017
0 0.322868 0.223140 0.014058 0.033058
0 0.298032 0.276860 0.016870 0.024793
0 0.305998 0.305785 0.015933 0.023140
0 0.336926 0.242975 0.014058 0.029752
0 0.351921 0.219835 0.019681 0.033058
0 0.367854 0.213223 0.012184 0.026446
0 0.377694 0.261983 0.016870 0.028099
0 0.392690 0.193388 0.013121 0.033058
0 0.444705 0.226446 0.019681 0.033058
0 0.411903 0.175207 0.015933 0.019835
0 0.450328 0.147934 0.010309 0.024793
0 0.446111 0.193388 0.016870 0.033058
0 0.470009 0.194215 0.015933 0.031405
0 0.474227 0.151240 0.013121 0.028099
0 0.487348 0.141322 0.011246 0.024793
0 0.498126 0.184298 0.025305 0.038017
0 0.516401 0.138843 0.014995 0.029752
0 0.530459 0.139669 0.016870 0.031405
0 0.562793 0.109091 0.010309 0.019835
0 0.591378 0.124793 0.011246 0.031405
0 0.573102 0.173554 0.023430 0.039669
0 0.553889 0.152893 0.016870 0.024793
0 0.526242 0.213223 0.025305 0.036364
0 0.434396 0.267769 0.015933 0.039669
0 0.498594 0.281818 0.026242 0.044628
0 0.539363 0.306612 0.025305 0.051240
0 0.623711 0.140496 0.019681 0.046281
0 0.639175 0.102479 0.013121 0.023140
0 0.678069 0.113223 0.014058 0.031405
0 0.699157 0.101653 0.013121 0.031405
0 0.630740 0.190083 0.018744 0.036364
0 0.611996 0.252893 0.024367 0.039669
0 0.608716 0.324793 0.029053 0.041322
0 0.679944 0.323140 0.023430 0.051240
0 0.661200 0.257851 0.019681 0.042975
0 0.660731 0.200826 0.022493 0.044628
0 0.662605 0.158678 0.016870 0.036364
0 0.694470 0.178512 0.016870 0.029752
0 0.692596 0.138017 0.013121 0.034711
0 0.704780 0.222314 0.014995 0.041322
0 0.736176 0.128099 0.014058 0.031405
0 0.754452 0.109917 0.016870 0.031405
0 0.736176 0.165289 0.015933 0.029752
0 0.755389 0.223140 0.022493 0.046281
0 0.746017 0.186777 0.014995 0.036364
0 0.756795 0.176860 0.019681 0.039669
0 0.771321 0.130579 0.014995 0.029752
0 0.787254 0.292562 0.022493 0.056198
0 0.810684 0.254545 0.018744 0.052893
0 0.799438 0.185124 0.014995 0.039669
0 0.798969 0.125620 0.014058 0.033058
0 0.780694 0.115702 0.011246 0.029752
0 0.819119 0.131405 0.013121 0.031405
0 0.868322 0.127273 0.014058 0.029752
0 0.834114 0.146281 0.013121 0.034711
0 0.846298 0.191736 0.014995 0.029752
0 0.819119 0.169421 0.022493 0.028099
0 0.856607 0.167769 0.016870 0.031405
0 0.897844 0.133058 0.014995 0.041322
0 0.887067 0.190909 0.015933 0.031405
0 0.896907 0.170248 0.016870 0.029752
0 0.874883 0.225620 0.014058 0.034711
0 0.917994 0.279339 0.019681 0.049587
0 0.928304 0.206612 0.015933 0.029752
0 0.919869 0.172727 0.014058 0.031405
0 0.927366 0.152893 0.010309 0.024793
0 0.729147 0.308264 0.029991 0.054545
0 0.503749 0.225620 0.025305 0.041322
0 0.511715 0.173554 0.026242 0.039669
0 0.419400 0.228926 0.025305 0.031405
0 0.368791 0.230579 0.017807 0.034711
0 0.563261 0.246281 0.022493 0.049587
0 0.418932 0.190909 0.013121 0.028099
0 0.618088 0.107438 0.012184 0.026446
0 0.625586 0.109091 0.010309 0.026446
0 0.598407 0.103306 0.012184 0.024793
0 0.708997 0.139669 0.017807 0.041322
