0 0.033054 0.418221 0.027615 0.050215
0 0.243933 0.342181 0.019247 0.041607
0 0.269038 0.360832 0.024268 0.050215
0 0.300418 0.372310 0.021757 0.044476
0 0.297490 0.315638 0.022594 0.043042
0 0.349791 0.368006 0.025105 0.053085
0 0.392469 0.354376 0.018410 0.034433
0 0.385774 0.328551 0.018410 0.028694
0 0.368619 0.301291 0.015900 0.028694
0 0.401674 0.263271 0.013389 0.030129
0 0.415481 0.283357 0.014226 0.027260
0 0.422594 0.302726 0.016736 0.031564
0 0.422176 0.348637 0.024268 0.040172
0 0.469038 0.346485 0.024268 0.041607
0 0.456067 0.311334 0.018410 0.037303
0 0.443096 0.289096 0.015900 0.032999
0 0.438494 0.263989 0.013389 0.022956
0 0.473640 0.251076 0.013389 0.028694
0 0.484100 0.240316 0.012552 0.027260
0 0.486192 0.309900 0.016736 0.028694
0 0.487448 0.277618 0.017573 0.030129
0 0.515900 0.269727 0.017573 0.037303
0 0.529707 0.285509 0.016736 0.040172
0 0.532218 0.252511 0.013389 0.034433
0 0.551883 0.264706 0.015900 0.032999
0 0.578661 0.292683 0.017573 0.037303
0 0.582427 0.272597 0.013389 0.028694
0 0.588285 0.248207 0.011715 0.025825
0 0.567364 0.234577 0.016736 0.035868
0 0.587448 0.227403 0.015063 0.030129
0 0.620921 0.228121 0.013389 0.028694
0 0.628870 0.210187 0.012552 0.027260
0 0.623431 0.253945 0.013389 0.028694
0 0.644770 0.221664 0.014226 0.027260
0 0.657322 0.233859 0.014226 0.031564
0 0.661925 0.250359 0.016736 0.032999
0 0.533054 0.323529 0.020084 0.038737
0 0.517155 0.401722 0.031799 0.060258
0 0.558159 0.374462 0.028452 0.057389
0 0.562343 0.411047 0.035146 0.055954
0 0.613389 0.333572 0.023431 0.047346
0 0.630126 0.380918 0.023431 0.047346
0 0.628452 0.437590 0.035146 0.057389
0 0.687448 0.456241 0.034310 0.068867
0 0.678243 0.375179 0.029289 0.058824
0 0.665690 0.343615 0.022594 0.047346
0 0.652720 0.308465 0.020084 0.045911
0 0.692050 0.278336 0.018410 0.037303
0 0.671967 0.243902 0.015063 0.025825
0 0.677406 0.225968 0.010879 0.018651
0 0.689121 0.233859 0.012552 0.025825
0 0.704603 0.237446 0.013389 0.027260
0 0.723431 0.256815 0.015900 0.028694
0 0.741841 0.295552 0.019247 0.037303
0 0.698745 0.330703 0.021757 0.044476
0 0.757322 0.252511 0.011715 0.028694
0 0.761506 0.228121 0.015063 0.031564
0 0.766527 0.275466 0.016736 0.031564
0 0.784519 0.287661 0.017573 0.035868
0 0.802510 0.236729 0.015063 0.028694
0 0.831799 0.253228 0.016736 0.035868
0 0.794979 0.271162 0.015063 0.031564
0 0.781590 0.257532 0.015063 0.030129
0 0.736820 0.513630 0.042678 0.083214
0 0.759833 0.407461 0.028452 0.057389
0 0.709205 0.361549 0.022594 0.045911
0 0.809205 0.408178 0.030126 0.061693
0 0.828870 0.380201 0.022594 0.051650
0 0.834310 0.307747 0.018410 0.035868
0 0.831381 0.347920 0.020921 0.038737
0 0.864854 0.461980 0.027615 0.063128
0 0.857741 0.548063 0.038494 0.071736
0 0.878243 0.418221 0.024268 0.047346
0 0.898326 0.361549 0.025941 0.051650
0 0.892887 0.324247 0.021757 0.043042
0 0.866109 0.313486 0.020084 0.035868
0 0.877406 0.292683 0.014226 0.034433
0 0.880753 0.270445 0.017573 0.030129
0 0.864017 0.266858 0.019247 0.040172
0 0.891213 0.253228 0.016736 0.044476
0 0.915481 0.296270 0.016736 0.038737
0 0.948117 0.359397 0.020084 0.041607
0 0.938494 0.400287 0.022594 0.051650
0 0.933891 0.464132 0.031799 0.067432
0 0.946444 0.325681 0.020084 0.034433
0 0.954393 0.314204 0.017573 0.037303
0 0.956067 0.286944 0.019247 0.040172
