0 0.028455 0.348301 0.013550 0.031553
0 0.177507 0.479369 0.035230 0.070388
0 0.268970 0.251214 0.014905 0.031553
0 0.289973 0.245146 0.016260 0.033981
0 0.309621 0.253641 0.017615 0.041262
0 0.382791 0.264563 0.017615 0.033981
0 0.388889 0.223301 0.018970 0.033981
0 0.383469 0.178398 0.013550 0.031553
0 0.392276 0.192961 0.014905 0.026699
0 0.413957 0.131068 0.014905 0.033981
0 0.423442 0.175971 0.017615 0.031553
0 0.444444 0.224515 0.016260 0.036408
0 0.465447 0.218447 0.017615 0.033981
0 0.447832 0.149272 0.012195 0.026699
0 0.494580 0.185680 0.018970 0.031553
0 0.514905 0.207524 0.018970 0.036408
0 0.518293 0.169903 0.017615 0.033981
0 0.541328 0.162621 0.017615 0.029126
0 0.515583 0.139563 0.014905 0.026699
0 0.490515 0.091019 0.016260 0.026699
0 0.524390 0.081311 0.013550 0.031553
0 0.559621 0.072816 0.016260 0.024272
0 0.571138 0.129854 0.014905 0.026699
0 0.592141 0.134709 0.016260 0.026699
0 0.611789 0.145631 0.012195 0.024272
0 0.631436 0.058252 0.013550 0.024272
0 0.551491 0.253641 0.021680 0.041262
0 0.494580 0.311893 0.024390 0.050971
0 0.537940 0.320388 0.021680 0.048544
0 0.618564 0.296117 0.023035 0.048544
0 0.686992 0.296117 0.027100 0.058252
0 0.732385 0.314320 0.031165 0.065534
0 0.815718 0.412621 0.032520 0.067961
0 0.774390 0.276699 0.025745 0.058252
0 0.814363 0.286408 0.024390 0.053398
0 0.726287 0.248786 0.021680 0.050971
0 0.753388 0.220874 0.018970 0.043689
0 0.771003 0.217233 0.016260 0.031553
0 0.699864 0.219660 0.020325 0.031553
0 0.661924 0.218447 0.014905 0.029126
0 0.619919 0.208738 0.017615 0.033981
0 0.642954 0.165049 0.017615 0.033981
0 0.651084 0.133495 0.014905 0.029126
0 0.664634 0.099515 0.014905 0.024272
0 0.693767 0.099515 0.016260 0.029126
0 0.733062 0.184466 0.021680 0.043689
0 0.773713 0.177184 0.018970 0.038835
0 0.736450 0.143204 0.017615 0.033981
0 0.746612 0.117718 0.013550 0.026699
0 0.761518 0.118932 0.010840 0.024272
0 0.771680 0.137136 0.020325 0.041262
0 0.795393 0.095874 0.018970 0.036408
0 0.818428 0.099515 0.016260 0.038835
0 0.834011 0.116505 0.012195 0.019417
0 0.848916 0.155340 0.017615 0.038835
0 0.827913 0.189320 0.018970 0.043689
0 0.859079 0.074029 0.016260 0.031553
0 0.890244 0.108010 0.013550 0.031553
0 0.901762 0.199029 0.023035 0.053398
0 0.878726 0.208738 0.017615 0.043689
0 0.865854 0.258495 0.018970 0.046117
0 0.886856 0.375000 0.033875 0.075243
0 0.913279 0.218447 0.016260 0.038835
0 0.940379 0.104369 0.013550 0.029126
0 0.695799 0.148058 0.017615 0.033981
