0 0.052232 0.370152 0.018993 0.048904
0 0.249763 0.257167 0.013295 0.028668
0 0.274929 0.268971 0.010446 0.021922
0 0.265907 0.265599 0.009497 0.025295
0 0.291548 0.265599 0.017094 0.035413
0 0.319088 0.262226 0.017094 0.045531
0 0.337607 0.268128 0.018044 0.040472
0 0.324311 0.220067 0.016144 0.032040
0 0.351377 0.228499 0.015195 0.035413
0 0.356600 0.204890 0.014245 0.028668
0 0.367521 0.197302 0.015195 0.030354
0 0.388414 0.188870 0.013295 0.030354
0 0.405033 0.197302 0.016144 0.037099
0 0.384615 0.230185 0.018993 0.035413
0 0.372745 0.269815 0.019943 0.043845
0 0.394112 0.284148 0.020893 0.045531
0 0.436847 0.232715 0.020893 0.043845
0 0.476258 0.231872 0.021842 0.045531
0 0.452991 0.194772 0.017094 0.035413
0 0.448718 0.162732 0.019943 0.028668
0 0.466762 0.139123 0.014245 0.032040
0 0.485755 0.134064 0.012346 0.025295
0 0.499050 0.166948 0.016144 0.037099
0 0.488604 0.190556 0.018044 0.037099
0 0.529440 0.207420 0.019943 0.043845
0 0.534663 0.165261 0.017094 0.037099
0 0.550332 0.159359 0.014245 0.032040
0 0.566477 0.177066 0.016144 0.037099
0 0.575973 0.218381 0.021842 0.055649
0 0.572650 0.118887 0.013295 0.028668
0 0.585470 0.139966 0.012346 0.030354
0 0.593542 0.123103 0.009497 0.030354
0 0.615385 0.141653 0.011396 0.030354
0 0.642450 0.133221 0.012346 0.026981
0 0.640551 0.115514 0.010446 0.018550
0 0.619183 0.116358 0.011396 0.023609
0 0.681861 0.118044 0.013295 0.030354
0 0.569801 0.286678 0.030389 0.064081
0 0.484805 0.308600 0.031339 0.064081
0 0.627255 0.324621 0.029440 0.065767
0 0.626781 0.239460 0.024691 0.060708
0 0.638177 0.206577 0.018993 0.038786
0 0.659069 0.207420 0.022792 0.043845
0 0.691833 0.190556 0.019943 0.053963
0 0.687085 0.151771 0.016144 0.033727
0 0.714625 0.152614 0.016144 0.042159
0 0.722697 0.168634 0.015195 0.037099
0 0.734093 0.184654 0.018993 0.045531
0 0.717949 0.219224 0.022792 0.050590
0 0.727445 0.296796 0.030389 0.057336
0 0.774929 0.297639 0.026591 0.052277
0 0.763058 0.223440 0.023742 0.048904
0 0.781102 0.204047 0.023742 0.040472
0 0.767331 0.172007 0.020893 0.033727
0 0.750712 0.139123 0.016144 0.035413
0 0.736942 0.128162 0.011396 0.026981
0 0.768756 0.134907 0.018044 0.037099
0 0.791073 0.145025 0.017094 0.033727
0 0.810541 0.139123 0.014245 0.028668
0 0.821462 0.163575 0.018993 0.040472
0 0.841880 0.145025 0.016144 0.037099
0 0.858500 0.164418 0.013295 0.035413
0 0.849003 0.194772 0.018993 0.042159
0 0.833333 0.215852 0.021842 0.040472
0 0.848053 0.309444 0.032289 0.062395
0 0.859924 0.268971 0.021842 0.048904
0 0.886990 0.186341 0.015195 0.035413
0 0.896486 0.155987 0.013295 0.028668
0 0.899810 0.182968 0.014245 0.032040
0 0.927825 0.241990 0.018993 0.048904
0 0.944919 0.263912 0.024691 0.055649
