0 0.178815 0.456000 0.059226 0.112000
0 0.220957 0.371000 0.050114 0.102000
0 0.264237 0.211000 0.020501 0.046000
0 0.330296 0.281000 0.025057 0.050000
0 0.344533 0.263000 0.019362 0.042000
0 0.424260 0.277000 0.023918 0.042000
0 0.412870 0.223000 0.021640 0.042000
0 0.406606 0.193000 0.018223 0.030000
0 0.437927 0.228000 0.026196 0.044000
0 0.449886 0.186000 0.015945 0.044000
0 0.451025 0.158000 0.018223 0.032000
0 0.465831 0.158000 0.015945 0.036000
0 0.468679 0.199000 0.021640 0.038000
0 0.480068 0.136000 0.012528 0.028000
0 0.503986 0.180000 0.021640 0.044000
0 0.534169 0.209000 0.027335 0.054000
0 0.525057 0.141000 0.018223 0.034000
0 0.553531 0.151000 0.018223 0.034000
0 0.558087 0.117000 0.015945 0.034000
0 0.588838 0.127000 0.020501 0.042000
0 0.656036 0.084000 0.015945 0.036000
0 0.696469 0.072000 0.019362 0.032000
0 0.689066 0.102000 0.013667 0.032000
0 0.679954 0.161000 0.022779 0.050000
0 0.615604 0.236000 0.028474 0.048000
0 0.651481 0.251000 0.025057 0.050000
0 0.478360 0.328000 0.038724 0.080000
0 0.710706 0.282000 0.027335 0.056000
0 0.768223 0.269000 0.028474 0.058000
0 0.721526 0.165000 0.019362 0.042000
0 0.707289 0.148000 0.020501 0.036000
0 0.737472 0.151000 0.017084 0.042000
0 0.746583 0.112000 0.014806 0.036000
0 0.748861 0.175000 0.019362 0.038000
0 0.790433 0.190000 0.018223 0.040000
0 0.804100 0.134000 0.015945 0.028000
0 0.850797 0.184000 0.018223 0.036000
0 0.863326 0.226000 0.018223 0.048000
