0 0.875000 0.145746 0.011290 0.032078
0 0.888306 0.191771 0.012097 0.032078
0 0.891935 0.215481 0.017742 0.043236
0 0.928226 0.258717 0.020968 0.048815
0 0.875403 0.252441 0.020161 0.050209
0 0.858871 0.328452 0.020968 0.059972
0 0.853629 0.191771 0.015323 0.037657
0 0.793952 0.283821 0.020161 0.062762
0 0.842742 0.217573 0.017742 0.044630
0 0.833468 0.232218 0.018548 0.048815
0 0.787500 0.194561 0.015323 0.043236
0 0.802419 0.154812 0.012903 0.036262
0 0.810484 0.178522 0.016129 0.039052
0 0.820565 0.168759 0.013710 0.036262
0 0.734274 0.156904 0.013710 0.032078
0 0.757661 0.152720 0.013710 0.034868
0 0.770565 0.174338 0.015323 0.036262
0 0.758065 0.224547 0.019355 0.044630
0 0.727016 0.222455 0.016935 0.043236
0 0.741935 0.262204 0.027419 0.055788
0 0.745968 0.350767 0.030645 0.071130
0 0.683871 0.320084 0.025806 0.073919
0 0.672984 0.251743 0.020161 0.054393
0 0.628629 0.235007 0.023387 0.054393
0 0.654839 0.224547 0.019355 0.044630
0 0.653226 0.170851 0.016129 0.037657
0 0.692339 0.207113 0.015323 0.037657
0 0.687903 0.174338 0.014516 0.030683
0 0.678226 0.126220 0.011290 0.026499
0 0.650403 0.124128 0.013710 0.027894
0 0.616935 0.101813 0.011290 0.022315
0 0.595565 0.163180 0.012097 0.030683
0 0.588306 0.147838 0.012097 0.033473
0 0.614919 0.146444 0.012097 0.030683
0 0.623790 0.138773 0.012097 0.026499
0 0.506048 0.132497 0.008871 0.019526
0 0.551613 0.154812 0.012903 0.027894
0 0.547581 0.194561 0.014516 0.037657
0 0.533065 0.177127 0.016129 0.036262
0 0.518548 0.191074 0.016129 0.039052
0 0.577823 0.237796 0.021774 0.043236
0 0.494355 0.208508 0.017742 0.037657
0 0.450000 0.161088 0.011290 0.029289
0 0.462097 0.169456 0.012903 0.034868
0 0.454839 0.228033 0.014516 0.043236
0 0.499194 0.297768 0.022581 0.048815
0 0.549194 0.318689 0.027419 0.051604
0 0.369758 0.209205 0.016935 0.030683
0 0.404435 0.191074 0.012097 0.027894
0 0.424597 0.216876 0.015323 0.040446
0 0.406855 0.281032 0.018548 0.048815
0 0.364516 0.281032 0.016129 0.046025
0 0.334677 0.225244 0.014516 0.040446
0 0.362500 0.249651 0.016935 0.033473
0 0.320968 0.260809 0.012903 0.033473
0 0.332661 0.262204 0.016935 0.041841
0 0.281452 0.252441 0.012903 0.027894
0 0.276613 0.269874 0.016129 0.034868
0 0.202016 0.426778 0.039516 0.092050
