0 0.202980 0.440887 0.040968 0.096880
0 0.255121 0.433498 0.042831 0.098522
0 0.312384 0.276683 0.019553 0.037767
0 0.364991 0.258621 0.018622 0.044335
0 0.418063 0.222496 0.018622 0.031199
0 0.435754 0.262726 0.018622 0.052545
0 0.450186 0.215928 0.015829 0.037767
0 0.446462 0.180624 0.015829 0.032841
0 0.472533 0.191297 0.013966 0.027915
0 0.455307 0.149425 0.011173 0.026273
0 0.468343 0.147783 0.013035 0.029557
0 0.528399 0.137931 0.012104 0.032841
0 0.559125 0.141215 0.013966 0.029557
0 0.576350 0.145320 0.016760 0.027915
0 0.532588 0.195402 0.018622 0.032841
0 0.476723 0.329228 0.027933 0.073892
0 0.651304 0.254516 0.019553 0.049261
0 0.720205 0.277504 0.025140 0.059113
0 0.779330 0.282430 0.024209 0.055829
0 0.880354 0.206076 0.015829 0.041051
0 0.810987 0.119048 0.011173 0.027915
0 0.683892 0.145320 0.013966 0.034483
0 0.712756 0.140394 0.013966 0.027915
0 0.725326 0.151888 0.013035 0.034483
0 0.744879 0.123153 0.014898 0.032841
0 0.764432 0.155993 0.014898 0.036125
0 0.795158 0.179803 0.016760 0.037767
