0 0.048528 0.389819 0.023866 0.057183
0 0.287192 0.271967 0.017502 0.041841
0 0.317025 0.276151 0.021480 0.039052
0 0.307876 0.232915 0.015911 0.030683
0 0.343675 0.260112 0.019093 0.040446
0 0.345664 0.310321 0.018298 0.040446
0 0.384646 0.292190 0.021480 0.043236
0 0.350438 0.228033 0.016706 0.032078
0 0.352824 0.209205 0.015115 0.027894
0 0.379873 0.228731 0.018298 0.036262
0 0.408115 0.195258 0.015911 0.030683
0 0.425617 0.227336 0.019093 0.041841
0 0.443914 0.193166 0.012729 0.032078
0 0.463007 0.234310 0.017502 0.041841
0 0.438743 0.177824 0.016706 0.037657
0 0.449085 0.153417 0.015115 0.027894
0 0.468576 0.145746 0.014320 0.029289
0 0.468576 0.169456 0.014320 0.026499
0 0.505171 0.133891 0.012729 0.027894
0 0.511138 0.167364 0.015115 0.036262
0 0.505171 0.188285 0.017502 0.036262
0 0.524662 0.157601 0.011933 0.030683
0 0.527049 0.140865 0.015115 0.027894
0 0.544551 0.165969 0.015115 0.033473
0 0.558473 0.142259 0.014320 0.033473
0 0.552108 0.131799 0.012729 0.026499
0 0.565632 0.124128 0.012729 0.027894
0 0.579952 0.163877 0.012729 0.032078
0 0.590692 0.169456 0.015115 0.037657
0 0.587908 0.138773 0.015911 0.034868
0 0.591090 0.105997 0.014320 0.025105
0 0.615354 0.107392 0.011933 0.025105
0 0.650358 0.100418 0.011933 0.025105
0 0.612570 0.132497 0.014320 0.027894
0 0.640811 0.141562 0.015115 0.032078
0 0.661893 0.134589 0.012729 0.029289
0 0.658711 0.109484 0.011138 0.026499
0 0.686555 0.111576 0.012729 0.027894
0 0.614956 0.211297 0.017502 0.043236
0 0.545346 0.291492 0.027844 0.055788
0 0.567224 0.254533 0.020684 0.046025
0 0.608990 0.249651 0.023071 0.052999
0 0.595068 0.329847 0.033413 0.062762
0 0.667462 0.257322 0.027049 0.059972
0 0.675020 0.216876 0.019889 0.048815
0 0.683373 0.188982 0.017502 0.040446
0 0.703660 0.218271 0.021480 0.048815
0 0.778441 0.117852 0.013524 0.029289
0 0.803500 0.124128 0.012729 0.030683
0 0.837311 0.126918 0.011933 0.033473
0 0.832936 0.135983 0.014320 0.032078
0 0.874702 0.133891 0.011933 0.033473
0 0.864360 0.146444 0.013524 0.033473
0 0.904535 0.140167 0.012729 0.037657
0 0.892601 0.161088 0.014320 0.032078
0 0.934765 0.163877 0.014320 0.037657
0 0.889419 0.184798 0.015911 0.032078
0 0.929196 0.210600 0.017502 0.041841
0 0.927605 0.227336 0.017502 0.041841
0 0.850040 0.162483 0.013524 0.034868
0 0.817422 0.154114 0.015115 0.034868
0 0.782816 0.154812 0.014320 0.030683
0 0.771679 0.145049 0.012729 0.036262
0 0.737868 0.142259 0.015115 0.030683
0 0.727924 0.135983 0.012729 0.032078
0 0.725935 0.182706 0.018298 0.039052
0 0.760541 0.177824 0.019093 0.037657
0 0.801909 0.181311 0.017502 0.039052
0 0.738266 0.230823 0.023866 0.054393
0 0.772872 0.266388 0.024662 0.055788
0 0.811058 0.249651 0.019889 0.047420
0 0.774065 0.215481 0.019093 0.046025
0 0.823787 0.214086 0.016706 0.043236
0 0.854415 0.241980 0.020684 0.046025
0 0.826173 0.342399 0.027844 0.073919
0 0.833333 0.300558 0.026253 0.062762
0 0.873111 0.223849 0.019889 0.048815
0 0.907319 0.306834 0.023071 0.058577
0 0.883850 0.431660 0.030231 0.076709
0 0.717582 0.158298 0.014320 0.034868
