0 0.046523 0.400332 0.032895 0.069767
0 0.251880 0.281561 0.013158 0.031561
0 0.285714 0.263289 0.011278 0.028239
0 0.294643 0.259967 0.015977 0.038206
0 0.310150 0.217608 0.015038 0.033223
0 0.345865 0.218439 0.016917 0.034884
0 0.368891 0.213455 0.015977 0.034884
0 0.381109 0.199336 0.014098 0.029900
0 0.406955 0.174419 0.013158 0.026578
0 0.426692 0.179402 0.015038 0.036545
0 0.452538 0.142857 0.012218 0.023256
0 0.483083 0.132060 0.015038 0.024917
0 0.473684 0.166944 0.016917 0.031561
0 0.422932 0.215116 0.015038 0.031561
0 0.343045 0.264950 0.018797 0.041528
0 0.400846 0.293189 0.025376 0.041528
0 0.461936 0.218439 0.014098 0.044850
0 0.535244 0.135382 0.015977 0.041528
0 0.488252 0.199336 0.015977 0.033223
0 0.481203 0.222591 0.016917 0.039867
0 0.565789 0.114618 0.009398 0.026578
0 0.590695 0.103821 0.012218 0.028239
0 0.562970 0.148671 0.018797 0.034884
0 0.537594 0.170266 0.024436 0.041528
0 0.546992 0.202658 0.018797 0.043189
0 0.475564 0.303156 0.026316 0.054817
0 0.584117 0.153654 0.017857 0.038206
0 0.608083 0.110465 0.015038 0.034884
0 0.625000 0.098007 0.013158 0.026578
0 0.559680 0.294850 0.027256 0.051495
0 0.559211 0.243355 0.026316 0.051495
0 0.614662 0.199336 0.018797 0.039867
0 0.609962 0.253322 0.028195 0.051495
0 0.621711 0.141196 0.017857 0.029900
0 0.638158 0.103821 0.009398 0.021595
0 0.668703 0.124585 0.012218 0.029900
0 0.702538 0.098007 0.012218 0.029900
0 0.660244 0.203488 0.017857 0.038206
0 0.655075 0.180233 0.018797 0.034884
0 0.705357 0.141196 0.017857 0.036545
0 0.675752 0.154485 0.018797 0.039867
0 0.703477 0.180233 0.021617 0.031561
0 0.708647 0.217608 0.024436 0.039867
0 0.659774 0.245847 0.018797 0.043189
0 0.676222 0.327243 0.029135 0.059801
0 0.717575 0.294020 0.023496 0.056478
0 0.738252 0.122093 0.014098 0.034884
0 0.747650 0.121262 0.019737 0.036545
0 0.732613 0.162791 0.015977 0.039867
0 0.747650 0.182724 0.017857 0.043189
0 0.766917 0.127076 0.015038 0.041528
0 0.785244 0.124585 0.015977 0.046512
0 0.795583 0.136213 0.015977 0.039867
0 0.808741 0.128738 0.012218 0.031561
0 0.759398 0.159468 0.018797 0.036545
0 0.774436 0.218439 0.016917 0.041528
0 0.779135 0.284884 0.026316 0.048173
0 0.797932 0.175249 0.016917 0.038206
0 0.829417 0.143688 0.019737 0.041528
0 0.843515 0.179402 0.014098 0.036545
0 0.851504 0.149502 0.013158 0.046512
0 0.861842 0.150332 0.022556 0.044850
0 0.870301 0.127076 0.011278 0.034884
0 0.895677 0.130399 0.013158 0.031561
0 0.869361 0.223422 0.015038 0.041528
0 0.887688 0.202658 0.021617 0.043189
0 0.930451 0.156146 0.013158 0.033223
0 0.923402 0.192691 0.012218 0.033223
0 0.920113 0.272425 0.018797 0.043189
0 0.518327 0.170266 0.019737 0.038206
0 0.538064 0.241694 0.017857 0.038206
0 0.456767 0.171927 0.016917 0.034884
0 0.472744 0.193522 0.018797 0.041528
0 0.609023 0.326412 0.031955 0.061462
0 0.889098 0.167774 0.015038 0.039867
0 0.812500 0.166113 0.015977 0.039867
