0 0.381517 0.192997 0.016114 0.034202
0 0.403791 0.183225 0.015166 0.027687
0 0.419905 0.193811 0.015166 0.032573
0 0.410900 0.223127 0.018009 0.032573
0 0.379621 0.275244 0.025592 0.042345
0 0.399526 0.283388 0.023697 0.042345
0 0.455450 0.180782 0.016114 0.032573
0 0.484360 0.185668 0.017062 0.032573
0 0.497630 0.192997 0.020853 0.037459
0 0.470142 0.224756 0.022749 0.042345
0 0.501896 0.223127 0.019905 0.039088
0 0.498578 0.300489 0.028436 0.043974
0 0.617536 0.269544 0.027488 0.050489
0 0.724171 0.188925 0.022749 0.039088
0 0.773460 0.228013 0.024645 0.055375
0 0.550711 0.070033 0.015166 0.026059
0 0.587678 0.137622 0.018957 0.030945
