0 0.031822 0.420821 0.023866 0.055718
0 0.232697 0.343109 0.019889 0.041056
0 0.258154 0.357038 0.023071 0.051320
0 0.285601 0.376100 0.020684 0.048387
0 0.282021 0.315982 0.019889 0.036657
0 0.333333 0.367302 0.028640 0.063050
0 0.374304 0.357771 0.019889 0.035191
0 0.366746 0.331378 0.017502 0.032258
0 0.351631 0.298387 0.019093 0.039589
0 0.400557 0.351906 0.023071 0.049853
0 0.446698 0.349707 0.024662 0.045455
0 0.381862 0.266862 0.014320 0.041056
0 0.394988 0.282991 0.015115 0.035191
0 0.404137 0.304985 0.015911 0.038123
0 0.421241 0.289589 0.015115 0.030792
0 0.433174 0.315982 0.018298 0.036657
0 0.461018 0.312317 0.016706 0.038123
0 0.418457 0.267595 0.014320 0.030792
0 0.449881 0.250733 0.011933 0.035191
0 0.461018 0.240469 0.011933 0.029326
0 0.463007 0.266862 0.015911 0.032258
0 0.490453 0.271261 0.016706 0.035191
0 0.503978 0.288856 0.018298 0.038123
0 0.510740 0.324047 0.017502 0.041056
0 0.549722 0.295455 0.022275 0.042522
0 0.525060 0.261730 0.015911 0.036657
0 0.506762 0.249267 0.015911 0.035191
0 0.540971 0.233138 0.015911 0.029326
0 0.559268 0.247801 0.015911 0.032258
0 0.558870 0.228006 0.013524 0.027859
0 0.591090 0.254399 0.015911 0.039589
0 0.591885 0.227273 0.014320 0.032258
0 0.628481 0.255132 0.015911 0.035191
0 0.599841 0.213343 0.012729 0.033724
0 0.610979 0.221408 0.012729 0.029326
0 0.623309 0.230205 0.011933 0.029326
0 0.642005 0.220674 0.012729 0.024927
0 0.639220 0.238270 0.010342 0.024927
0 0.654733 0.233138 0.012729 0.029326
0 0.669849 0.234604 0.014320 0.032258
0 0.490453 0.404692 0.032617 0.070381
0 0.532617 0.416422 0.027844 0.061584
0 0.529833 0.376100 0.023866 0.048387
0 0.583930 0.336510 0.023866 0.048387
0 0.619730 0.313050 0.019093 0.042522
0 0.634049 0.340176 0.019093 0.046921
0 0.598250 0.384164 0.025457 0.052786
0 0.596659 0.442082 0.036595 0.071848
0 0.652745 0.464076 0.034208 0.068915
0 0.643994 0.373900 0.026253 0.061584
0 0.675815 0.359238 0.023071 0.058651
0 0.656722 0.281525 0.016706 0.038123
0 0.686555 0.258065 0.017502 0.035191
0 0.714797 0.255132 0.013524 0.032258
0 0.705648 0.299853 0.019093 0.039589
0 0.728719 0.277126 0.012729 0.038123
0 0.725139 0.228739 0.013524 0.029326
0 0.747414 0.287390 0.016706 0.035191
0 0.762132 0.235337 0.014320 0.033724
0 0.789578 0.250000 0.015115 0.039589
0 0.744232 0.258065 0.011933 0.023460
0 0.754972 0.266862 0.012729 0.035191
0 0.722753 0.412023 0.026253 0.058651
0 0.700080 0.519795 0.038186 0.086510
0 0.813445 0.548387 0.035800 0.076246
0 0.770088 0.417155 0.028640 0.057185
0 0.791169 0.376100 0.026253 0.057185
0 0.825378 0.456745 0.032617 0.065982
0 0.888624 0.473607 0.035004 0.073314
0 0.889817 0.406891 0.023071 0.063050
0 0.854813 0.366569 0.024662 0.052786
0 0.833333 0.417155 0.024662 0.054252
0 0.792363 0.310850 0.017502 0.038123
0 0.822991 0.316716 0.016706 0.041056
0 0.832936 0.292522 0.015911 0.033724
0 0.820605 0.266129 0.013524 0.036657
0 0.837709 0.270528 0.012729 0.027859
0 0.849642 0.252933 0.012729 0.033724
0 0.870326 0.295455 0.015911 0.039589
0 0.850438 0.322581 0.017502 0.041056
0 0.902546 0.363636 0.016706 0.041056
0 0.900557 0.330645 0.014320 0.033724
0 0.910899 0.290323 0.012729 0.026393
0 0.908910 0.321848 0.011933 0.033724
