0 0.032967 0.425562 0.025118 0.064607
0 0.231162 0.341292 0.016484 0.039326
0 0.256279 0.370084 0.018053 0.043539
0 0.293956 0.363062 0.021193 0.040730
0 0.285322 0.307584 0.016484 0.039326
0 0.329670 0.358146 0.020408 0.042135
0 0.351256 0.329354 0.016484 0.032303
0 0.350078 0.295646 0.014129 0.032303
0 0.382653 0.264747 0.013344 0.026685
0 0.399922 0.271067 0.011774 0.030899
0 0.402669 0.301966 0.017268 0.036517
0 0.401491 0.335674 0.021193 0.039326
0 0.426609 0.311096 0.016484 0.035112
0 0.430141 0.271067 0.014129 0.036517
0 0.422292 0.244382 0.012559 0.030899
0 0.441915 0.341994 0.018838 0.046348
0 0.454867 0.413624 0.027473 0.057584
0 0.464286 0.304775 0.014914 0.033708
0 0.463108 0.272472 0.012559 0.028090
0 0.464286 0.242978 0.011774 0.030899
0 0.455651 0.243680 0.008634 0.026685
0 0.495683 0.268961 0.013344 0.032303
0 0.493328 0.318118 0.019623 0.037921
0 0.506672 0.278090 0.014914 0.033708
0 0.527080 0.300562 0.016484 0.033708
0 0.520801 0.353230 0.022763 0.040730
0 0.533359 0.408006 0.027473 0.046348
0 0.514914 0.254213 0.012559 0.030899
0 0.531397 0.251404 0.015699 0.036517
0 0.549451 0.223315 0.010989 0.025281
0 0.560440 0.226124 0.012559 0.022472
0 0.560440 0.246489 0.012559 0.029494
0 0.565149 0.264747 0.014129 0.029494
0 0.587912 0.225421 0.010989 0.029494
0 0.592622 0.210674 0.010989 0.025281
0 0.606750 0.225421 0.014129 0.032303
0 0.585165 0.247191 0.013344 0.022472
0 0.582418 0.337079 0.021978 0.044944
0 0.582025 0.393961 0.024333 0.049157
0 0.582025 0.440309 0.032182 0.057584
0 0.617347 0.469803 0.030612 0.074438
0 0.640110 0.372191 0.022763 0.050562
0 0.628336 0.349719 0.018053 0.036517
0 0.614600 0.307584 0.018838 0.036517
0 0.621272 0.231039 0.011774 0.032303
0 0.625589 0.251404 0.014129 0.030899
0 0.649922 0.223315 0.014129 0.025281
0 0.656593 0.235955 0.013344 0.028090
0 0.672684 0.227528 0.014129 0.028090
0 0.680534 0.252107 0.014129 0.032303
0 0.669937 0.308287 0.018053 0.040730
0 0.668760 0.358146 0.021978 0.044944
0 0.703689 0.408006 0.027473 0.051966
0 0.685243 0.486657 0.039246 0.080056
0 0.749215 0.431882 0.027473 0.068820
0 0.704082 0.291433 0.015699 0.035112
0 0.712323 0.258427 0.016484 0.039326
0 0.720958 0.246489 0.010204 0.029494
0 0.734694 0.233146 0.014129 0.028090
0 0.735479 0.267556 0.010989 0.029494
0 0.745683 0.286517 0.014129 0.042135
0 0.760597 0.254213 0.010989 0.025281
0 0.753532 0.251404 0.012559 0.028090
0 0.793956 0.270365 0.014914 0.032303
0 0.815542 0.258427 0.014129 0.033708
0 0.825746 0.281601 0.014129 0.037921
0 0.830848 0.273876 0.011774 0.033708
0 0.844976 0.265449 0.011774 0.036517
0 0.863815 0.283708 0.013344 0.033708
0 0.905416 0.283708 0.011774 0.022472
0 0.903061 0.309691 0.013344 0.032303
0 0.887363 0.310393 0.013344 0.033708
0 0.880691 0.329354 0.012559 0.032303
0 0.854788 0.316011 0.015699 0.036517
0 0.890502 0.352528 0.019623 0.039326
0 0.854003 0.359551 0.017268 0.042135
0 0.812794 0.320225 0.014914 0.042135
0 0.790424 0.313202 0.015699 0.033708
0 0.810832 0.338483 0.018838 0.042135
0 0.833987 0.370787 0.022763 0.053371
0 0.874019 0.458567 0.025903 0.060393
0 0.820644 0.454354 0.030612 0.051966
0 0.786499 0.360955 0.021978 0.047753
0 0.791601 0.510534 0.032182 0.066011
