0 0.207212 0.456343 0.050962 0.105437
0 0.253846 0.429160 0.048077 0.107084
0 0.314904 0.286656 0.020192 0.042834
0 0.371154 0.262768 0.021154 0.041186
0 0.446154 0.267710 0.021154 0.044481
0 0.427885 0.227348 0.017308 0.039539
0 0.457692 0.226524 0.023077 0.044481
0 0.458173 0.186985 0.018269 0.041186
0 0.482692 0.196870 0.019231 0.044481
0 0.464423 0.157331 0.013462 0.028007
0 0.480288 0.154860 0.016346 0.029654
0 0.542788 0.142504 0.014423 0.034596
0 0.568750 0.149094 0.014423 0.037891
0 0.588942 0.154036 0.016346 0.041186
0 0.545192 0.200165 0.021154 0.037891
0 0.485577 0.323723 0.026923 0.051071
0 0.670192 0.257002 0.028846 0.056013
0 0.744231 0.278418 0.025000 0.052718
0 0.800962 0.290774 0.026923 0.054366
0 0.703365 0.150741 0.018269 0.034596
0 0.733173 0.148270 0.016346 0.039539
0 0.745673 0.166392 0.020192 0.032949
0 0.763462 0.149094 0.015385 0.031301
0 0.785096 0.163097 0.020192 0.039539
0 0.817788 0.183690 0.016346 0.044481
0 0.831731 0.126030 0.013462 0.034596
0 0.904327 0.214992 0.022115 0.051071
