0 0.041107 0.633779 0.050593 0.120401
0 0.210277 0.265050 0.015810 0.041806
0 0.279842 0.229097 0.017391 0.043478
0 0.316206 0.234114 0.015810 0.050167
0 0.328854 0.195652 0.018972 0.046823
0 0.338340 0.224916 0.017391 0.048495
0 0.358893 0.211538 0.015810 0.041806
0 0.377075 0.268395 0.023715 0.058528
0 0.364032 0.193144 0.015020 0.031773
0 0.404743 0.189799 0.018972 0.041806
0 0.413834 0.230769 0.016601 0.036789
0 0.443874 0.295987 0.022925 0.060201
0 0.479447 0.248328 0.022925 0.051839
0 0.438340 0.199833 0.016601 0.038462
0 0.433202 0.163880 0.017391 0.040134
0 0.462451 0.160535 0.017391 0.043478
0 0.485771 0.162207 0.016601 0.043478
0 0.502767 0.147157 0.015810 0.043478
0 0.506324 0.198161 0.016601 0.041806
0 0.561660 0.219900 0.021344 0.048495
0 0.533992 0.156355 0.015020 0.038462
0 0.558103 0.159699 0.014229 0.041806
0 0.562451 0.133779 0.015020 0.033445
0 0.588538 0.132943 0.013439 0.038462
0 0.594071 0.165552 0.016601 0.040134
0 0.584980 0.195652 0.017391 0.043478
0 0.604743 0.122074 0.015810 0.040134
0 0.622134 0.159699 0.015810 0.038462
0 0.641502 0.124582 0.015020 0.041806
0 0.634387 0.195652 0.016601 0.046823
0 0.666008 0.176421 0.015020 0.035117
0 0.660870 0.146321 0.012648 0.038462
0 0.675099 0.129599 0.012648 0.038462
0 0.695257 0.133779 0.016601 0.036789
0 0.716996 0.149666 0.014229 0.038462
0 0.685375 0.170569 0.018972 0.046823
0 0.561265 0.345318 0.023715 0.061873
0 0.609486 0.369565 0.023715 0.063545
0 0.622530 0.284281 0.024506 0.060201
0 0.665217 0.410535 0.032411 0.075251
0 0.728854 0.389632 0.026877 0.063545
0 0.807510 0.459866 0.032411 0.086957
0 0.864427 0.513378 0.035573 0.083612
0 0.873123 0.392977 0.026087 0.070234
0 0.957708 0.459866 0.022925 0.076923
0 0.950198 0.374582 0.025296 0.070234
0 0.980632 0.366221 0.018182 0.053512
0 0.972332 0.329431 0.017391 0.050167
0 0.979447 0.301003 0.014229 0.033445
0 0.988933 0.261706 0.018972 0.041806
0 0.951779 0.245819 0.012648 0.040134
0 0.937154 0.269231 0.015020 0.043478
0 0.924506 0.319398 0.021344 0.046823
0 0.866798 0.338629 0.021344 0.055184
0 0.893281 0.275084 0.018972 0.048495
0 0.901976 0.252508 0.014229 0.040134
0 0.911462 0.225753 0.015810 0.040134
0 0.875494 0.229933 0.016601 0.041806
0 0.820949 0.301839 0.024506 0.061873
0 0.769960 0.281773 0.020553 0.045151
0 0.796838 0.255853 0.020553 0.056856
0 0.827668 0.221572 0.017391 0.045151
0 0.814625 0.188127 0.018182 0.048495
0 0.783794 0.200669 0.016601 0.046823
0 0.783794 0.169732 0.015020 0.041806
0 0.759289 0.229097 0.016601 0.043478
0 0.720158 0.211538 0.018972 0.041806
0 0.738735 0.209030 0.018182 0.046823
0 0.750593 0.204849 0.016601 0.051839
0 0.719368 0.274247 0.022134 0.060201
0 0.678656 0.246656 0.021344 0.058528
