0 0.068966 0.417785 0.041007 0.080537
0 0.259553 0.281040 0.021435 0.045302
0 0.282852 0.269295 0.021435 0.038591
0 0.299161 0.259228 0.022367 0.038591
0 0.319664 0.219799 0.020503 0.036913
0 0.343896 0.213926 0.016775 0.038591
0 0.339236 0.281040 0.018639 0.035235
0 0.348089 0.251678 0.015843 0.033557
0 0.370923 0.228188 0.024231 0.040268
0 0.382572 0.201342 0.019571 0.036913
0 0.418453 0.219799 0.018639 0.036913
0 0.442684 0.223154 0.022367 0.043624
0 0.434762 0.269295 0.025163 0.048658
0 0.487884 0.295302 0.027027 0.060403
0 0.497204 0.227349 0.023299 0.045302
0 0.409133 0.168624 0.013048 0.035235
0 0.426375 0.180369 0.015843 0.038591
0 0.464585 0.199664 0.023299 0.036913
0 0.451538 0.171980 0.015843 0.028523
0 0.452936 0.144295 0.018639 0.030201
0 0.472507 0.144295 0.014911 0.030201
0 0.478099 0.164430 0.016775 0.033557
0 0.504194 0.168624 0.016775 0.041946
0 0.516309 0.187081 0.018639 0.035235
0 0.546598 0.191275 0.021435 0.040268
0 0.546598 0.157718 0.017707 0.033557
0 0.552656 0.135906 0.018639 0.036913
0 0.526561 0.130034 0.018639 0.038591
0 0.489748 0.130872 0.015843 0.030201
0 0.584343 0.154362 0.020503 0.036913
0 0.571761 0.105705 0.012116 0.026846
0 0.621622 0.140101 0.016775 0.031879
0 0.630009 0.124161 0.013048 0.023490
0 0.640261 0.102349 0.014911 0.030201
0 0.615564 0.098154 0.012116 0.025168
0 0.594595 0.112416 0.013048 0.030201
0 0.689189 0.095638 0.017707 0.030201
0 0.670550 0.119966 0.017707 0.031879
0 0.705965 0.130872 0.017707 0.033557
0 0.687325 0.134228 0.013979 0.033557
0 0.650513 0.172819 0.020503 0.043624
0 0.609040 0.218121 0.021435 0.057047
0 0.604380 0.272651 0.030755 0.055369
0 0.557782 0.291946 0.028891 0.060403
0 0.561976 0.254195 0.031687 0.062081
0 0.600186 0.339765 0.029823 0.065436
0 0.667754 0.343121 0.034483 0.075503
0 0.676608 0.238255 0.026095 0.057047
0 0.650047 0.223993 0.028891 0.055369
0 0.689189 0.176174 0.019571 0.036913
0 0.700839 0.211409 0.027959 0.053691
0 0.707829 0.287752 0.025163 0.058725
0 0.779124 0.284396 0.033551 0.065436
0 0.749301 0.237416 0.022367 0.052013
0 0.743709 0.185403 0.018639 0.048658
0 0.732060 0.156879 0.023299 0.048658
0 0.746971 0.140101 0.017707 0.035235
0 0.761417 0.165268 0.018639 0.045302
0 0.735788 0.109060 0.017707 0.040268
0 0.756757 0.123322 0.013048 0.028523
0 0.757223 0.102349 0.017707 0.033557
0 0.788444 0.118289 0.014911 0.038591
0 0.795433 0.130872 0.013979 0.036913
0 0.809879 0.153523 0.016775 0.031879
0 0.809413 0.122483 0.012116 0.033557
0 0.824790 0.134228 0.014911 0.043624
0 0.797763 0.182047 0.020503 0.045302
0 0.846226 0.195470 0.018639 0.055369
0 0.847623 0.149329 0.015843 0.033557
0 0.863933 0.145973 0.016775 0.040268
0 0.864399 0.119966 0.013979 0.035235
0 0.866729 0.216443 0.022367 0.043624
0 0.873253 0.197987 0.020503 0.043624
0 0.890028 0.171980 0.014911 0.035235
0 0.892824 0.121644 0.016775 0.038591
0 0.929171 0.164430 0.018639 0.040268
0 0.926841 0.273490 0.028891 0.060403
