0 0.128881 0.345896 0.024459 0.045226
0 0.181562 0.485762 0.048918 0.090452
0 0.201787 0.408710 0.032926 0.063652
0 0.198495 0.314070 0.018815 0.045226
0 0.227187 0.311558 0.027281 0.056951
0 0.246472 0.272194 0.020696 0.041876
0 0.261994 0.370184 0.036689 0.073702
0 0.356068 0.180067 0.023518 0.041876
0 0.430386 0.175042 0.027281 0.048576
0 0.549859 0.190955 0.017874 0.046901
0 0.678269 0.108878 0.020696 0.040201
0 0.769050 0.075377 0.017874 0.036851
0 0.710254 0.192630 0.022578 0.046901
0 0.830198 0.319095 0.053622 0.102178
0 0.830668 0.267169 0.041392 0.075377
