0 0.102564 0.499055 0.064103 0.117202
0 0.277244 0.229679 0.018162 0.039698
0 0.312500 0.217391 0.016026 0.037807
0 0.324786 0.213611 0.017094 0.037807
0 0.345085 0.215501 0.019231 0.041588
0 0.329594 0.179584 0.016026 0.034026
0 0.353098 0.197543 0.018162 0.043478
0 0.373397 0.206049 0.016026 0.041588
0 0.383013 0.228733 0.018162 0.045369
0 0.410256 0.238185 0.021368 0.049149
0 0.442842 0.241021 0.022436 0.047259
0 0.416132 0.199433 0.018162 0.039698
0 0.394765 0.205104 0.016026 0.035917
0 0.376603 0.164461 0.016026 0.026465
0 0.401175 0.169187 0.016026 0.035917
0 0.423077 0.154064 0.012821 0.028355
0 0.440171 0.155009 0.012821 0.026465
0 0.438568 0.180529 0.013889 0.032136
0 0.460470 0.203214 0.021368 0.043478
0 0.465278 0.129490 0.011752 0.028355
0 0.482906 0.141777 0.010684 0.030246
0 0.491453 0.149338 0.010684 0.026465
0 0.497329 0.174858 0.013889 0.035917
0 0.522970 0.174858 0.018162 0.035917
0 0.554487 0.178639 0.017094 0.039698
0 0.563034 0.156900 0.014957 0.037807
0 0.537393 0.150284 0.012821 0.032136
0 0.527244 0.141777 0.011752 0.026465
0 0.508013 0.143667 0.016026 0.034026
0 0.499466 0.120038 0.011752 0.028355
0 0.550214 0.127599 0.014957 0.032136
0 0.576389 0.133270 0.013889 0.028355
0 0.601496 0.157845 0.014957 0.039698
0 0.610043 0.145558 0.012821 0.034026
0 0.609509 0.118147 0.011752 0.028355
0 0.625534 0.131380 0.013889 0.032136
0 0.627137 0.109641 0.010684 0.022684
0 0.643162 0.154064 0.014957 0.035917
0 0.652244 0.131380 0.013889 0.032136
0 0.655449 0.109641 0.013889 0.030246
0 0.677350 0.126654 0.012821 0.026465
0 0.687500 0.103025 0.013889 0.032136
0 0.706197 0.109641 0.010684 0.034026
0 0.589744 0.223062 0.027778 0.052930
0 0.636218 0.251418 0.024573 0.060491
0 0.669872 0.334594 0.032051 0.083176
0 0.636752 0.208885 0.019231 0.043478
0 0.661859 0.217391 0.018162 0.049149
0 0.668803 0.177694 0.017094 0.037807
0 0.691239 0.254253 0.021368 0.054820
0 0.724893 0.241021 0.020299 0.043478
0 0.720085 0.178639 0.019231 0.043478
0 0.702457 0.174858 0.016026 0.039698
0 0.735043 0.145558 0.012821 0.034026
0 0.740385 0.166352 0.017094 0.037807
0 0.755342 0.190926 0.021368 0.045369
0 0.762286 0.250473 0.024573 0.062382
0 0.744658 0.378072 0.036325 0.083176
0 0.797009 0.286389 0.025641 0.062382
0 0.799679 0.196597 0.018162 0.041588
0 0.792201 0.164461 0.013889 0.034026
0 0.789530 0.137051 0.012821 0.032136
0 0.762286 0.129490 0.013889 0.035917
0 0.777244 0.126654 0.011752 0.030246
0 0.803953 0.134216 0.011752 0.030246
0 0.824252 0.126654 0.013889 0.030246
0 0.831731 0.166352 0.013889 0.037807
0 0.816774 0.206049 0.018162 0.034026
0 0.822115 0.254253 0.024573 0.054820
0 0.839209 0.210775 0.018162 0.047259
0 0.918269 0.338374 0.028846 0.071834
0 0.883013 0.229679 0.020299 0.047259
0 0.897436 0.214556 0.014957 0.043478
0 0.907051 0.185255 0.012821 0.034026
0 0.866453 0.185255 0.014957 0.037807
0 0.860043 0.224953 0.017094 0.034026
0 0.859509 0.146503 0.013889 0.024575
0 0.839744 0.155009 0.014957 0.034026
0 0.876603 0.159735 0.013889 0.035917
0 0.910791 0.154064 0.011752 0.028355
0 0.951923 0.191871 0.012821 0.039698
0 0.936432 0.194707 0.013889 0.034026
0 0.949252 0.232514 0.016026 0.045369
0 0.935363 0.252363 0.020299 0.047259
