0 0.842439 0.263047 0.011085 0.029619
0 0.907759 0.272920 0.010293 0.026798
0 0.866192 0.279972 0.011085 0.032440
0 0.820269 0.267983 0.011085 0.031030
0 0.828979 0.280677 0.011085 0.031030
0 0.827791 0.308886 0.015044 0.036671
0 0.859066 0.327221 0.014252 0.039492
0 0.906176 0.308886 0.011876 0.031030
0 0.902613 0.340621 0.014252 0.038082
0 0.901029 0.354020 0.015835 0.039492
0 0.845210 0.370945 0.015044 0.036671
0 0.859066 0.407616 0.020586 0.050776
0 0.834125 0.392102 0.018211 0.045134
0 0.884006 0.465444 0.024545 0.062059
0 0.813143 0.440056 0.022169 0.050776
0 0.807205 0.496474 0.026128 0.062059
0 0.752573 0.440056 0.022961 0.053597
0 0.784640 0.368829 0.015835 0.046544
0 0.791766 0.303949 0.015835 0.035261
0 0.787411 0.249647 0.011876 0.028209
0 0.795724 0.273625 0.012668 0.028209
0 0.750594 0.291961 0.012668 0.036671
0 0.724466 0.236953 0.011085 0.025388
0 0.718923 0.247532 0.011085 0.029619
0 0.759699 0.250353 0.011876 0.032440
0 0.714568 0.271509 0.011876 0.032440
0 0.705067 0.290550 0.013460 0.036671
0 0.806017 0.355430 0.014252 0.039492
0 0.686857 0.261636 0.011876 0.032440
0 0.668250 0.230606 0.011085 0.026798
0 0.645289 0.225670 0.009501 0.028209
0 0.658353 0.234133 0.008709 0.028209
0 0.661520 0.268688 0.013460 0.032440
0 0.615598 0.256700 0.011876 0.028209
0 0.664291 0.325811 0.015835 0.039492
0 0.674584 0.354725 0.017419 0.049365
0 0.616785 0.298307 0.017419 0.040903
0 0.632225 0.334274 0.021378 0.039492
0 0.593824 0.210155 0.009501 0.025388
0 0.618765 0.231312 0.010293 0.025388
0 0.585115 0.253879 0.011085 0.025388
0 0.536421 0.233427 0.010293 0.023977
0 0.555819 0.229196 0.011085 0.026798
0 0.563341 0.245416 0.010293 0.025388
0 0.561362 0.266573 0.011085 0.033850
0 0.584323 0.324401 0.015835 0.039492
0 0.595012 0.370945 0.019794 0.047955
0 0.541568 0.284908 0.012668 0.036671
0 0.492478 0.265867 0.012668 0.032440
0 0.514252 0.264457 0.013460 0.032440
0 0.498021 0.315938 0.012668 0.036671
0 0.460808 0.279267 0.009501 0.025388
0 0.448535 0.255289 0.011876 0.028209
0 0.432700 0.259520 0.010293 0.022567
0 0.423595 0.282793 0.014252 0.032440
0 0.399842 0.303244 0.012668 0.028209
0 0.401425 0.280677 0.012668 0.028209
0 0.425574 0.311001 0.015044 0.035261
0 0.461995 0.308181 0.015044 0.035261
0 0.432700 0.350494 0.018211 0.046544
0 0.488519 0.387165 0.023753 0.060649
0 0.351940 0.294781 0.010293 0.031030
0 0.351148 0.328632 0.011876 0.031030
0 0.385194 0.267278 0.013460 0.029619
0 0.382819 0.335684 0.013460 0.036671
0 0.401425 0.344852 0.015835 0.038082
0 0.281473 0.311001 0.013460 0.032440
0 0.286223 0.366714 0.016627 0.042313
0 0.307997 0.395628 0.022169 0.043724
0 0.226841 0.344147 0.013460 0.033850
0 0.237926 0.397743 0.019794 0.031030
0 0.695962 0.500705 0.028504 0.073343
0 0.711797 0.396333 0.023753 0.056417
0 0.647664 0.387165 0.022169 0.063470
0 0.652811 0.432299 0.027712 0.063470
0 0.602930 0.426657 0.024545 0.063470
0 0.531671 0.405501 0.022961 0.063470
0 0.175376 0.485190 0.041964 0.098731
0 0.737530 0.261636 0.010293 0.023977
0 0.752177 0.263752 0.012668 0.031030
