0 0.351974 0.220564 0.015977 0.039801
0 0.410714 0.259536 0.020677 0.038143
0 0.429041 0.233831 0.015977 0.029851
0 0.448778 0.230514 0.017857 0.039801
0 0.512688 0.231343 0.019737 0.038143
0 0.524436 0.204809 0.015038 0.031509
0 0.546992 0.206468 0.015038 0.034826
0 0.603853 0.163350 0.015977 0.038143
0 0.634868 0.152570 0.012218 0.026534
0 0.648966 0.268657 0.021617 0.039801
0 0.675752 0.203980 0.018797 0.043118
0 0.716635 0.203151 0.021617 0.034826
0 0.732613 0.309287 0.029135 0.054726
0 0.854793 0.349088 0.025376 0.054726
0 0.882989 0.294362 0.017857 0.051410
0 0.847274 0.242123 0.015977 0.036484
0 0.857613 0.213101 0.015977 0.038143
0 0.904605 0.237148 0.014098 0.033167
0 0.927632 0.261194 0.016917 0.038143
0 0.959117 0.254561 0.019737 0.031509
