0 0.344828 0.542885 0.064655 0.130604
0 0.328125 0.198830 0.020474 0.035088
0 0.349677 0.196881 0.016164 0.035088
0 0.369612 0.188109 0.017241 0.029240
0 0.412716 0.174464 0.017241 0.033138
0 0.441272 0.176413 0.016164 0.029240
0 0.455819 0.232943 0.025862 0.033138
0 0.466595 0.177388 0.015086 0.027290
0 0.441810 0.151072 0.015086 0.029240
0 0.445582 0.141326 0.016164 0.025341
0 0.474677 0.155945 0.014009 0.031189
0 0.469289 0.144250 0.011853 0.027290
0 0.481681 0.142300 0.017241 0.023392
0 0.502155 0.132554 0.015086 0.023392
0 0.527478 0.126706 0.016164 0.023392
0 0.538793 0.142300 0.017241 0.031189
0 0.491918 0.188109 0.016164 0.040936
0 0.502155 0.189084 0.017241 0.038986
0 0.548491 0.196881 0.019397 0.038986
0 0.569504 0.135478 0.016164 0.029240
0 0.579741 0.126706 0.015086 0.031189
0 0.582435 0.139376 0.016164 0.029240
0 0.587284 0.166667 0.019397 0.029240
0 0.577047 0.184211 0.018319 0.037037
0 0.623922 0.169591 0.019397 0.035088
0 0.598599 0.135478 0.018319 0.033138
0 0.614224 0.105263 0.012931 0.027290
0 0.628772 0.120858 0.014009 0.027290
0 0.651401 0.137427 0.016164 0.033138
0 0.685884 0.148148 0.011853 0.023392
0 0.689655 0.113060 0.010776 0.027290
0 0.708513 0.121832 0.009698 0.029240
0 0.726293 0.140351 0.012931 0.031189
0 0.742457 0.146199 0.012931 0.027290
0 0.699353 0.178363 0.017241 0.037037
0 0.720366 0.180312 0.016164 0.044834
0 0.735453 0.180312 0.014009 0.037037
0 0.635776 0.210526 0.021552 0.050682
0 0.570582 0.235867 0.026940 0.050682
0 0.666487 0.224172 0.020474 0.054581
0 0.664871 0.198830 0.021552 0.042885
0 0.717134 0.237817 0.020474 0.050682
0 0.764547 0.133528 0.011853 0.025341
0 0.780172 0.150097 0.015086 0.031189
0 0.810884 0.155945 0.014009 0.027290
0 0.823276 0.135478 0.012931 0.025341
0 0.824353 0.168616 0.015086 0.033138
0 0.775323 0.181287 0.020474 0.038986
0 0.809806 0.198830 0.018319 0.038986
0 0.792565 0.168616 0.016164 0.033138
0 0.791487 0.235867 0.018319 0.046784
0 0.854526 0.194932 0.015086 0.042885
0 0.858297 0.144250 0.011853 0.027290
0 0.887931 0.164717 0.010776 0.029240
0 0.907328 0.168616 0.012931 0.033138
0 0.945043 0.171540 0.015086 0.027290
0 0.942349 0.206628 0.011853 0.027290
0 0.939655 0.230019 0.017241 0.035088
0 0.896552 0.204678 0.012931 0.031189
0 0.887931 0.230019 0.017241 0.038986
0 0.922414 0.265107 0.019397 0.042885
0 0.875000 0.269981 0.021552 0.052632
