0 0.114091 0.521463 0.052042 0.104928
0 0.228983 0.255962 0.017614 0.050874
0 0.239792 0.259141 0.024820 0.047695
0 0.284227 0.228935 0.019215 0.047695
0 0.312650 0.227345 0.020016 0.050874
0 0.316653 0.203498 0.021617 0.044515
0 0.341473 0.213831 0.020016 0.036566
0 0.355084 0.200318 0.016813 0.041335
0 0.370697 0.193164 0.017614 0.039746
0 0.377102 0.254372 0.022418 0.054054
0 0.409928 0.228935 0.020817 0.038156
0 0.426741 0.173291 0.016013 0.034976
0 0.434748 0.160572 0.014412 0.041335
0 0.443955 0.181240 0.018415 0.044515
0 0.441954 0.293323 0.025620 0.055644
0 0.479183 0.229730 0.021617 0.046105
0 0.462370 0.155803 0.016813 0.034976
0 0.482786 0.161367 0.016013 0.042925
0 0.500400 0.145469 0.014412 0.033386
0 0.505604 0.196343 0.018415 0.046105
0 0.524420 0.147854 0.017614 0.038156
0 0.562450 0.133545 0.016813 0.038156
0 0.567254 0.144674 0.018415 0.038156
0 0.536029 0.224165 0.020016 0.038156
0 0.582066 0.129571 0.017614 0.036566
0 0.601681 0.122417 0.015212 0.031797
0 0.612890 0.146264 0.018415 0.034976
0 0.586869 0.190779 0.016013 0.044515
0 0.588871 0.161367 0.020016 0.036566
0 0.613691 0.202703 0.020016 0.039746
0 0.620096 0.171701 0.015212 0.038156
0 0.643315 0.123211 0.015212 0.033386
0 0.655725 0.142289 0.014412 0.039746
0 0.669335 0.121622 0.014412 0.033386
0 0.665733 0.174086 0.013611 0.033386
0 0.674139 0.217011 0.022418 0.042925
0 0.622098 0.265501 0.025620 0.054054
0 0.586469 0.317965 0.028022 0.060413
0 0.615693 0.352941 0.027222 0.060413
0 0.666934 0.378378 0.028823 0.054054
0 0.697758 0.134340 0.016813 0.036566
0 0.695757 0.147854 0.016013 0.038156
0 0.723779 0.151033 0.019215 0.041335
0 0.694556 0.206677 0.023219 0.041335
0 0.738191 0.196343 0.016013 0.042925
0 0.757006 0.186804 0.015212 0.033386
0 0.780624 0.174086 0.016013 0.033386
0 0.785028 0.195548 0.016813 0.041335
0 0.815853 0.183625 0.016013 0.039746
0 0.836669 0.203498 0.017614 0.041335
0 0.823459 0.213037 0.016813 0.038156
0 0.803443 0.231320 0.018415 0.049285
0 0.807846 0.296502 0.025620 0.062003
0 0.749400 0.220191 0.019215 0.042925
0 0.761009 0.278219 0.023219 0.047695
0 0.723379 0.266296 0.026421 0.055644
0 0.873899 0.221781 0.013611 0.039746
0 0.909528 0.215421 0.017614 0.039746
0 0.908327 0.246423 0.016813 0.034976
0 0.896317 0.267091 0.016813 0.044515
0 0.881505 0.279014 0.017614 0.046105
0 0.873899 0.320350 0.023219 0.052464
0 0.934347 0.313196 0.017614 0.054054
0 0.935548 0.252782 0.013611 0.038156
0 0.960368 0.235294 0.016813 0.038156
0 0.987590 0.248808 0.013611 0.039746
0 0.978383 0.293323 0.016013 0.049285
0 0.982386 0.286169 0.012810 0.041335
0 0.980785 0.346582 0.019215 0.054054
0 0.958367 0.364865 0.024019 0.058824
0 0.955564 0.423688 0.023219 0.074722
0 0.894315 0.378378 0.024019 0.073132
0 0.869896 0.486486 0.031225 0.079491
0 0.799039 0.439587 0.030424 0.084261
0 0.727382 0.388712 0.029624 0.068362
