0 0.208132 0.490291 0.037842 0.073509
0 0.341787 0.224688 0.024960 0.041609
0 0.353865 0.255895 0.024960 0.051318
0 0.396940 0.266990 0.022544 0.042996
0 0.371578 0.237171 0.021739 0.033287
0 0.398148 0.234397 0.020129 0.038835
0 0.412238 0.203190 0.017713 0.037448
0 0.441224 0.221914 0.020934 0.038835
0 0.471014 0.235784 0.027375 0.049931
0 0.513285 0.185160 0.021739 0.045770
0 0.454106 0.174757 0.016103 0.030513
0 0.441626 0.171290 0.013688 0.031900
0 0.459340 0.153953 0.016908 0.033287
0 0.470612 0.145631 0.016908 0.024965
0 0.512077 0.126907 0.012882 0.023578
0 0.525765 0.147712 0.012882 0.029126
0 0.535024 0.135229 0.012077 0.023578
0 0.549919 0.161581 0.017713 0.040222
0 0.559984 0.140083 0.015298 0.027739
0 0.570451 0.128294 0.013688 0.029126
0 0.584541 0.162275 0.017713 0.036061
0 0.590177 0.128988 0.016103 0.024965
0 0.598229 0.113731 0.014493 0.024965
0 0.615942 0.147712 0.019324 0.040222
0 0.616747 0.118585 0.016103 0.026352
0 0.636473 0.111650 0.016908 0.029126
0 0.645733 0.096394 0.014493 0.031900
0 0.654589 0.111650 0.014493 0.029126
0 0.653382 0.138003 0.013688 0.029126
0 0.671900 0.121359 0.015298 0.029126
0 0.700081 0.107490 0.016908 0.031900
0 0.549919 0.305825 0.025765 0.062413
0 0.566023 0.252427 0.025765 0.041609
0 0.611514 0.217060 0.026570 0.045770
0 0.613124 0.257975 0.029791 0.058252
0 0.636876 0.312067 0.032206 0.066574
0 0.653382 0.269071 0.028180 0.052705
0 0.663446 0.226075 0.027375 0.052705
0 0.685588 0.192788 0.024960 0.044383
0 0.715781 0.220527 0.024155 0.049931
0 0.723027 0.172677 0.020934 0.042996
0 0.740741 0.187933 0.025765 0.048544
0 0.759259 0.173370 0.020934 0.044383
0 0.760064 0.139390 0.017713 0.031900
0 0.781401 0.104716 0.015298 0.034674
0 0.795491 0.151872 0.017713 0.037448
0 0.791063 0.197642 0.015298 0.034674
0 0.780596 0.231623 0.026570 0.041609
0 0.777375 0.285714 0.028180 0.055479
0 0.808374 0.395978 0.038647 0.081831
0 0.896538 0.419556 0.036232 0.073509
0 0.875201 0.318308 0.032206 0.070735
0 0.915056 0.345354 0.036232 0.063800
0 0.913446 0.276699 0.026570 0.054092
0 0.933575 0.247573 0.021739 0.056865
0 0.877214 0.254508 0.024960 0.042996
0 0.825282 0.237171 0.020934 0.047157
0 0.833736 0.217753 0.023349 0.044383
0 0.822061 0.164355 0.016103 0.037448
0 0.807166 0.189320 0.018519 0.040222
0 0.820048 0.121359 0.018519 0.037448
0 0.852657 0.128988 0.016103 0.030513
0 0.873994 0.141470 0.013688 0.027739
0 0.863929 0.171983 0.016103 0.030513
0 0.851449 0.192788 0.018519 0.041609
0 0.880032 0.220527 0.016103 0.030513
0 0.902174 0.180305 0.015298 0.041609
0 0.909018 0.142164 0.020934 0.037448
