0 0.142726 0.340722 0.029277 0.060755
0 0.277676 0.260263 0.017383 0.034483
0 0.293687 0.273399 0.020128 0.034483
0 0.299177 0.247126 0.018298 0.037767
0 0.334401 0.275041 0.019213 0.044335
0 0.365050 0.287356 0.018298 0.039409
0 0.368710 0.253695 0.018298 0.027915
0 0.386093 0.186371 0.012809 0.031199
0 0.400274 0.194581 0.013724 0.027915
0 0.404849 0.171593 0.013724 0.027915
0 0.422232 0.172414 0.015554 0.032841
0 0.424977 0.200328 0.015554 0.029557
0 0.444648 0.228243 0.018298 0.036125
0 0.452882 0.197044 0.018298 0.026273
0 0.451510 0.158456 0.015554 0.031199
0 0.471638 0.168309 0.013724 0.027915
0 0.477585 0.151888 0.009149 0.024631
0 0.483989 0.192118 0.018298 0.039409
0 0.475297 0.224138 0.019213 0.037767
0 0.510064 0.168309 0.017383 0.034483
0 0.510522 0.144499 0.010979 0.022989
0 0.502745 0.125616 0.011894 0.024631
0 0.545746 0.120690 0.013724 0.027915
0 0.532937 0.187192 0.017383 0.036125
0 0.540256 0.179803 0.013724 0.027915
0 0.569991 0.174877 0.016468 0.034483
0 0.560842 0.133005 0.010979 0.029557
0 0.577768 0.148604 0.013724 0.031199
0 0.585544 0.135468 0.009149 0.021346
0 0.578225 0.119048 0.009149 0.018062
0 0.584172 0.106732 0.013724 0.026273
0 0.608875 0.147783 0.015554 0.032841
0 0.611162 0.110016 0.014639 0.029557
0 0.634950 0.136289 0.014639 0.026273
0 0.639524 0.112479 0.010979 0.024631
0 0.629460 0.102627 0.010979 0.027915
0 0.658280 0.105911 0.011894 0.027915
0 0.693504 0.105090 0.010979 0.032841
0 0.676578 0.152709 0.015554 0.032841
0 0.694419 0.176519 0.014639 0.037767
0 0.648216 0.182266 0.021043 0.039409
0 0.667887 0.211002 0.021958 0.041051
0 0.607960 0.211002 0.024703 0.044335
0 0.568618 0.247126 0.021043 0.044335
0 0.532937 0.330049 0.032022 0.055829
0 0.535682 0.277504 0.021043 0.039409
0 0.492681 0.290640 0.026532 0.059113
0 0.619396 0.260263 0.021958 0.047619
0 0.623971 0.294745 0.025618 0.050903
0 0.661482 0.321839 0.034767 0.068966
0 0.706313 0.256979 0.029277 0.057471
0 0.694876 0.223317 0.021043 0.039409
0 0.720952 0.210181 0.020128 0.042693
0 0.730558 0.172414 0.017383 0.032841
0 0.740165 0.150246 0.012809 0.027915
0 0.731930 0.114943 0.014639 0.032841
0 0.758920 0.128900 0.017383 0.031199
0 0.773102 0.141215 0.014639 0.036125
0 0.769899 0.197044 0.017383 0.052545
0 0.746569 0.215928 0.020128 0.047619
0 0.758005 0.287356 0.024703 0.062397
0 0.735133 0.371100 0.039341 0.075534
0 0.804209 0.408867 0.047575 0.072250
0 0.892955 0.402299 0.038426 0.072250
0 0.894785 0.294745 0.023788 0.060755
0 0.899817 0.249589 0.017383 0.045977
0 0.911253 0.219212 0.020128 0.034483
0 0.917200 0.252053 0.013724 0.044335
0 0.858646 0.251232 0.021043 0.042693
0 0.849497 0.296388 0.032022 0.064039
0 0.798719 0.250411 0.020128 0.050903
0 0.816102 0.210181 0.020128 0.059113
0 0.798719 0.146141 0.016468 0.036125
0 0.825709 0.144499 0.013724 0.029557
0 0.820677 0.128900 0.010979 0.027915
0 0.847210 0.144499 0.014639 0.029557
0 0.859103 0.131363 0.012809 0.029557
0 0.851327 0.174877 0.013724 0.031199
0 0.873285 0.174877 0.013724 0.034483
0 0.879689 0.159278 0.011894 0.029557
0 0.915371 0.161741 0.010064 0.027915
0 0.862306 0.208539 0.017383 0.032841
