0 0.226526 0.383403 0.058685 0.098739
0 0.543427 0.300420 0.025822 0.063025
0 0.553404 0.185924 0.017606 0.035714
0 0.628521 0.192227 0.019953 0.044118
0 0.674296 0.204832 0.017606 0.039916
0 0.667254 0.189076 0.015258 0.029412
0 0.668427 0.251050 0.022300 0.048319
0 0.669014 0.313025 0.028169 0.058824
0 0.710094 0.200630 0.018779 0.035714
0 0.742371 0.206933 0.017606 0.035714
0 0.767606 0.236345 0.021127 0.044118
0 0.727113 0.266807 0.022300 0.046218
0 0.828052 0.367647 0.029343 0.067227
0 0.893779 0.452731 0.031690 0.069328
