0 0.352666 0.309917 0.018709 0.034711
0 0.391955 0.290083 0.026193 0.047934
0 0.489710 0.302479 0.025257 0.049587
0 0.340505 0.215702 0.016838 0.031405
0 0.366230 0.190083 0.012161 0.019835
0 0.369036 0.217355 0.015903 0.028099
0 0.397568 0.226446 0.013096 0.029752
0 0.454163 0.228926 0.017774 0.038017
0 0.402713 0.195868 0.014032 0.024793
0 0.471469 0.228099 0.018709 0.036364
0 0.459775 0.195868 0.015903 0.038017
0 0.489710 0.200826 0.012161 0.031405
0 0.545370 0.133058 0.020580 0.041322
0 0.575304 0.135537 0.011225 0.026446
0 0.631431 0.256198 0.022451 0.046281
0 0.711413 0.190083 0.017774 0.036364
0 0.755379 0.242149 0.021515 0.047934
0 0.765201 0.166116 0.016838 0.034711
0 0.937792 0.245455 0.019645 0.041322
0 0.475678 0.181818 0.017774 0.036364
0 0.401777 0.180165 0.014032 0.036364
0 0.446679 0.192562 0.015903 0.041322
