0 0.841416 0.206336 0.014549 0.035959
0 0.834627 0.230308 0.016489 0.035959
0 0.866634 0.285959 0.020369 0.047945
0 0.889913 0.225171 0.014549 0.035959
0 0.930165 0.240582 0.011639 0.032534
0 0.929680 0.282534 0.016489 0.041096
0 0.910766 0.346747 0.021339 0.056507
0 0.841416 0.342466 0.024248 0.047945
0 0.793889 0.315925 0.024248 0.066781
0 0.758972 0.256849 0.018429 0.044521
0 0.727449 0.294521 0.021339 0.058219
0 0.730844 0.181507 0.016489 0.041096
0 0.662949 0.198630 0.014549 0.037671
0 0.639185 0.247432 0.015519 0.046233
0 0.679437 0.260274 0.024248 0.047945
0 0.593598 0.239726 0.017459 0.044521
0 0.583414 0.180651 0.014549 0.035959
0 0.622211 0.143836 0.010669 0.027397
0 0.508244 0.151541 0.011639 0.029110
0 0.498545 0.190068 0.013579 0.037671
0 0.543162 0.196918 0.015519 0.041096
0 0.488361 0.228596 0.018429 0.046233
0 0.419496 0.222603 0.014549 0.034247
0 0.435500 0.225171 0.017459 0.042808
0 0.396702 0.251712 0.019399 0.044521
0 0.340446 0.211473 0.013579 0.025685
0 0.341901 0.252568 0.018429 0.039384
