0 0.060634 0.388793 0.046642 0.087931
0 0.095616 0.400862 0.043843 0.098276
0 0.278451 0.281034 0.034515 0.072414
0 0.325093 0.181897 0.017724 0.046552
0 0.340951 0.193966 0.017724 0.046552
0 0.360075 0.194828 0.026119 0.048276
0 0.397854 0.162931 0.021455 0.039655
0 0.532183 0.124138 0.027052 0.062069
0 0.515858 0.254310 0.027985 0.050000
0 0.538246 0.267241 0.031716 0.058621
0 0.596549 0.268103 0.030784 0.063793
0 0.604011 0.144828 0.023321 0.051724
0 0.666978 0.114655 0.024254 0.053448
0 0.670243 0.220690 0.023321 0.055172
0 0.704757 0.150000 0.021455 0.051724
