0 0.251491 0.168174 0.019881 0.032550
0 0.235586 0.413201 0.049702 0.139241
0 0.364811 0.458409 0.055666 0.132007
0 0.636680 0.234177 0.028827 0.048825
0 0.584990 0.244123 0.022863 0.050633
0 0.483598 0.216998 0.016899 0.039783
0 0.438867 0.252260 0.020875 0.056058
0 0.437376 0.201627 0.019881 0.034358
0 0.465209 0.229656 0.025845 0.057866
0 0.405567 0.198011 0.015905 0.037975
0 0.585984 0.105787 0.012922 0.030741
0 0.606859 0.100362 0.010934 0.027125
0 0.631213 0.119349 0.015905 0.028933
0 0.657058 0.121157 0.017893 0.032550
