0 0.095964 0.568421 0.037668 0.072180
0 0.189686 0.345113 0.017040 0.031579
0 0.221973 0.371429 0.020628 0.036090
0 0.261883 0.372932 0.016143 0.036090
0 0.288341 0.404511 0.022422 0.042105
0 0.250673 0.316541 0.015247 0.028571
0 0.319283 0.350376 0.017937 0.036090
0 0.325561 0.305263 0.016143 0.033083
0 0.356054 0.348120 0.014350 0.031579
0 0.383408 0.342105 0.017040 0.037594
0 0.365919 0.272180 0.016143 0.033083
0 0.382960 0.310526 0.016143 0.025564
0 0.379372 0.282707 0.010762 0.024060
0 0.450673 0.327820 0.018834 0.039098
0 0.415695 0.318797 0.020628 0.033083
0 0.425112 0.265414 0.014350 0.028571
0 0.407623 0.259398 0.013453 0.025564
0 0.442601 0.279699 0.017040 0.030075
0 0.443946 0.250376 0.014350 0.025564
0 0.452466 0.236090 0.011659 0.021053
0 0.491480 0.273684 0.012556 0.033083
0 0.507623 0.278195 0.014350 0.033083
0 0.489238 0.332331 0.015247 0.033083
0 0.430493 0.357143 0.023318 0.034586
0 0.453812 0.419549 0.028700 0.066165
0 0.504036 0.248872 0.014350 0.025564
0 0.546188 0.282707 0.016143 0.036090
0 0.539910 0.247368 0.014350 0.028571
0 0.565022 0.254135 0.014350 0.033083
0 0.558744 0.218797 0.010762 0.025564
0 0.570404 0.213534 0.010762 0.024060
0 0.595067 0.251128 0.013453 0.030075
0 0.641704 0.249624 0.013453 0.027068
0 0.637668 0.221805 0.012556 0.022556
0 0.612556 0.201504 0.010762 0.024060
0 0.668161 0.211278 0.010762 0.025564
0 0.677578 0.229323 0.009865 0.025564
0 0.683857 0.215038 0.015247 0.030075
0 0.671300 0.281955 0.017040 0.031579
0 0.709865 0.263158 0.017040 0.030075
0 0.593274 0.344361 0.022422 0.042105
0 0.529596 0.422556 0.027803 0.045113
0 0.522870 0.389474 0.026906 0.042105
0 0.582063 0.416541 0.025112 0.039098
0 0.574439 0.479699 0.031390 0.060150
0 0.635874 0.483459 0.037668 0.067669
0 0.666368 0.390226 0.021525 0.043609
0 0.641704 0.363158 0.020628 0.040602
0 0.631390 0.312782 0.017937 0.027068
0 0.688341 0.326316 0.017040 0.036090
0 0.717937 0.306767 0.015247 0.039098
0 0.752466 0.254135 0.012556 0.030075
0 0.764574 0.221805 0.011659 0.031579
0 0.703139 0.563158 0.035874 0.070677
0 0.726009 0.420301 0.027803 0.046617
0 0.693274 0.376692 0.023318 0.040602
0 0.826906 0.372180 0.021525 0.046617
0 0.787444 0.447368 0.023318 0.058647
0 0.838565 0.520301 0.032287 0.063158
0 0.866816 0.475940 0.027803 0.058647
0 0.938565 0.500000 0.027803 0.064662
0 0.876682 0.386466 0.024215 0.048120
0 0.891480 0.343609 0.016143 0.037594
0 0.921525 0.333835 0.017040 0.039098
0 0.948879 0.370677 0.016143 0.043609
0 0.957848 0.330827 0.014350 0.036090
0 0.972197 0.322556 0.016143 0.031579
0 0.964574 0.290226 0.015247 0.030075
0 0.917040 0.281203 0.017040 0.030075
0 0.899552 0.263910 0.016143 0.031579
0 0.865022 0.284211 0.015247 0.027068
0 0.876233 0.265414 0.016143 0.031579
0 0.860090 0.256391 0.019731 0.031579
0 0.837220 0.276692 0.015247 0.036090
0 0.820179 0.296992 0.017040 0.028571
0 0.868161 0.333083 0.017937 0.037594
0 0.841256 0.351880 0.017937 0.042105
0 0.782511 0.293985 0.018834 0.034586
0 0.773991 0.260902 0.014350 0.025564
0 0.792377 0.273684 0.017040 0.036090
0 0.792377 0.242857 0.015247 0.034586
0 0.824664 0.244361 0.017040 0.028571
