0 0.331683 0.474903 0.062706 0.119691
0 0.287679 0.211390 0.016502 0.028958
0 0.311881 0.226834 0.014301 0.028958
0 0.325633 0.186293 0.017602 0.028958
0 0.327283 0.222973 0.009901 0.028958
0 0.337734 0.229730 0.017602 0.034749
0 0.347635 0.242278 0.022002 0.036680
0 0.390539 0.237452 0.017602 0.034749
0 0.367437 0.186293 0.015402 0.036680
0 0.442244 0.244208 0.017602 0.040541
0 0.392189 0.210425 0.012101 0.034749
0 0.445545 0.208494 0.015402 0.038610
0 0.387789 0.159266 0.012101 0.028958
0 0.397690 0.200772 0.016502 0.030888
0 0.414741 0.185328 0.013201 0.019305
0 0.421892 0.157336 0.009901 0.021236
0 0.439494 0.164093 0.016502 0.030888
0 0.460396 0.180502 0.016502 0.036680
0 0.473047 0.158301 0.008801 0.034749
0 0.491749 0.161197 0.011001 0.028958
0 0.482398 0.140927 0.007701 0.030888
0 0.518152 0.132239 0.011001 0.032819
0 0.524752 0.177606 0.015402 0.034749
0 0.549505 0.156371 0.016502 0.023166
0 0.553905 0.185328 0.014301 0.046332
0 0.575358 0.219112 0.022002 0.040541
0 0.577008 0.130309 0.014301 0.032819
0 0.590209 0.158301 0.014301 0.030888
0 0.592409 0.117761 0.012101 0.030888
0 0.649065 0.113900 0.013201 0.030888
0 0.615512 0.123552 0.012101 0.019305
0 0.625413 0.140927 0.016502 0.038610
0 0.610011 0.214286 0.020902 0.038610
0 0.634213 0.232625 0.023102 0.052124
0 0.674367 0.325290 0.026403 0.063707
0 0.688119 0.259653 0.020902 0.040541
0 0.676018 0.226834 0.023102 0.048263
0 0.657316 0.175676 0.016502 0.034749
0 0.643564 0.159266 0.015402 0.028958
0 0.676568 0.116795 0.011001 0.028958
0 0.696920 0.112934 0.012101 0.028958
0 0.714521 0.174710 0.016502 0.040541
0 0.735424 0.233591 0.018702 0.038610
0 0.730473 0.148649 0.015402 0.038610
0 0.753575 0.135135 0.013201 0.030888
0 0.782178 0.122587 0.011001 0.028958
0 0.784928 0.140927 0.012101 0.023166
0 0.801980 0.139961 0.013201 0.025097
0 0.833883 0.140927 0.013201 0.027027
0 0.851485 0.150579 0.013201 0.030888
0 0.906491 0.153475 0.013201 0.028958
0 0.747525 0.343629 0.025303 0.061776
0 0.743124 0.195946 0.020902 0.032819
0 0.760176 0.242278 0.022002 0.048263
0 0.793179 0.285714 0.022002 0.054054
0 0.905391 0.355212 0.024202 0.065637
0 0.795930 0.207529 0.016502 0.036680
0 0.826733 0.250000 0.020902 0.048263
0 0.823432 0.195946 0.014301 0.032819
0 0.843234 0.218147 0.018702 0.042471
0 0.866887 0.177606 0.015402 0.034749
0 0.941694 0.170849 0.013201 0.025097
0 0.908141 0.201737 0.012101 0.036680
0 0.894389 0.239382 0.015402 0.038610
0 0.943894 0.255792 0.015402 0.036680
0 0.935644 0.207529 0.012101 0.025097
0 0.933443 0.236486 0.012101 0.032819
0 0.911991 0.175676 0.013201 0.027027
0 0.937844 0.185328 0.012101 0.027027
0 0.796480 0.166988 0.013201 0.028958
0 0.822882 0.167954 0.013201 0.023166
0 0.680418 0.131274 0.012101 0.030888
0 0.613861 0.111969 0.011001 0.019305
0 0.474147 0.193050 0.017602 0.027027
0 0.402090 0.179537 0.014301 0.030888
