0 0.056854 0.279886 0.026567 0.047438
0 0.273645 0.211575 0.015940 0.032258
0 0.314028 0.218216 0.015940 0.037951
0 0.348034 0.164137 0.013815 0.036053
0 0.352816 0.212524 0.014878 0.034156
0 0.360786 0.183112 0.013815 0.036053
0 0.375133 0.223909 0.017003 0.034156
0 0.403826 0.223909 0.017003 0.045541
0 0.425611 0.240987 0.020191 0.045541
0 0.418172 0.191651 0.015940 0.037951
0 0.397450 0.148956 0.010627 0.024668
0 0.382040 0.195446 0.015940 0.034156
0 0.412327 0.152751 0.010627 0.036053
0 0.426142 0.162239 0.012752 0.024668
0 0.434644 0.188805 0.017003 0.028463
0 0.464400 0.191651 0.019129 0.037951
0 0.436238 0.150854 0.011690 0.020873
0 0.481934 0.187856 0.013815 0.034156
0 0.478215 0.124288 0.010627 0.020873
0 0.490967 0.150854 0.017003 0.028463
0 0.512221 0.146110 0.017003 0.030361
0 0.500000 0.112903 0.011690 0.020873
0 0.520191 0.121442 0.011690 0.022770
0 0.558448 0.115750 0.015940 0.022770
0 0.530818 0.165085 0.018066 0.030361
0 0.552072 0.177419 0.018066 0.039848
0 0.562168 0.146110 0.017003 0.030361
0 0.583953 0.157495 0.015940 0.041746
0 0.578108 0.124288 0.012752 0.020873
0 0.596706 0.105313 0.013815 0.028463
0 0.611052 0.119545 0.012752 0.034156
0 0.622742 0.105313 0.012752 0.028463
0 0.646121 0.107211 0.014878 0.028463
0 0.639214 0.148008 0.015940 0.030361
0 0.626993 0.191651 0.019129 0.034156
0 0.595643 0.218216 0.020191 0.037951
0 0.638151 0.228653 0.024442 0.032258
0 0.660999 0.171727 0.014878 0.032258
0 0.676408 0.122391 0.013815 0.024668
0 0.706695 0.102467 0.012752 0.026565
0 0.706695 0.156546 0.014878 0.032258
0 0.677471 0.213472 0.015940 0.024668
0 0.688098 0.247628 0.020191 0.043643
0 0.727418 0.220114 0.020191 0.045541
0 0.722635 0.169829 0.014878 0.036053
0 0.736451 0.159393 0.000000 0.000000
0 0.743358 0.181214 0.013815 0.039848
0 0.735388 0.129981 0.014878 0.024668
0 0.771520 0.118596 0.014878 0.024668
0 0.784803 0.158444 0.013815 0.028463
0 0.790117 0.192600 0.020191 0.032258
0 0.757705 0.242884 0.021254 0.045541
0 0.757705 0.339658 0.023379 0.056926
0 0.695537 0.305503 0.028693 0.068311
0 0.821998 0.133776 0.015940 0.028463
0 0.842189 0.144213 0.013815 0.030361
0 0.856004 0.142315 0.011690 0.034156
0 0.870882 0.167932 0.015940 0.043643
0 0.827843 0.165085 0.014878 0.026565
0 0.831562 0.238140 0.018066 0.039848
0 0.800744 0.277040 0.024442 0.049336
0 0.889479 0.225806 0.017003 0.037951
0 0.908608 0.140417 0.014878 0.030361
0 0.910202 0.179317 0.013815 0.039848
0 0.944740 0.177419 0.014878 0.036053
0 0.922423 0.166983 0.010627 0.034156
0 0.927736 0.235294 0.014878 0.041746
0 0.914984 0.321632 0.025505 0.058824
0 0.851753 0.203036 0.015940 0.034156
0 0.547821 0.150854 0.013815 0.028463
0 0.484060 0.140417 0.013815 0.026565
0 0.935175 0.207780 0.014878 0.036053
0 0.811902 0.182163 0.017003 0.034156
0 0.855473 0.184061 0.014878 0.030361
0 0.795962 0.131879 0.010627 0.024668
0 0.899575 0.208729 0.013815 0.045541
0 0.732200 0.162239 0.014878 0.036053
