0 0.199902 0.369947 0.047898 0.093146
0 0.287390 0.223199 0.013685 0.035149
0 0.321114 0.241652 0.016618 0.040422
0 0.330401 0.181019 0.013685 0.031634
0 0.329912 0.223199 0.014663 0.028120
0 0.351417 0.188928 0.016618 0.033392
0 0.370968 0.199473 0.016618 0.040422
0 0.384653 0.247803 0.018573 0.038664
0 0.375367 0.236380 0.015640 0.029877
0 0.402248 0.194200 0.018573 0.040422
0 0.424731 0.227592 0.018573 0.047452
0 0.445259 0.217926 0.018573 0.038664
0 0.445748 0.192443 0.015640 0.029877
0 0.439883 0.167838 0.015640 0.029877
0 0.417400 0.170475 0.015640 0.031634
0 0.424242 0.144112 0.011730 0.031634
0 0.459433 0.144991 0.013685 0.033392
0 0.471652 0.142355 0.012708 0.028120
0 0.477028 0.181019 0.019550 0.038664
0 0.505376 0.215290 0.019550 0.040422
0 0.499511 0.190685 0.013685 0.026362
0 0.497067 0.159930 0.014663 0.031634
0 0.488270 0.142355 0.012708 0.024605
0 0.502933 0.120387 0.012708 0.029877
0 0.520528 0.135325 0.014663 0.031634
0 0.536657 0.166081 0.013685 0.033392
0 0.554741 0.187170 0.016618 0.040422
0 0.556207 0.157293 0.015640 0.029877
0 0.547898 0.142355 0.010753 0.021090
0 0.543011 0.121265 0.014663 0.028120
0 0.571848 0.121265 0.013685 0.028120
0 0.586022 0.174868 0.018573 0.036907
0 0.580156 0.115114 0.010753 0.022847
0 0.598729 0.130053 0.014663 0.031634
0 0.610948 0.111599 0.011730 0.026362
0 0.622190 0.159930 0.016618 0.031634
0 0.632942 0.127417 0.014663 0.033392
0 0.658358 0.134446 0.020528 0.036907
0 0.660313 0.102812 0.014663 0.026362
0 0.693548 0.120387 0.012708 0.026362
0 0.692082 0.100176 0.011730 0.021090
0 0.712610 0.108084 0.013685 0.029877
0 0.567937 0.242531 0.025415 0.056239
0 0.538123 0.296134 0.028348 0.054482
0 0.493646 0.284710 0.029326 0.049209
0 0.605572 0.316344 0.030303 0.063269
0 0.615347 0.254833 0.022483 0.052724
0 0.630010 0.226714 0.022483 0.049209
0 0.671065 0.188049 0.020528 0.045694
0 0.674976 0.252197 0.026393 0.057996
0 0.699902 0.314587 0.027370 0.052724
0 0.727761 0.309315 0.022483 0.056239
0 0.721408 0.218805 0.019550 0.043937
0 0.713099 0.181019 0.018573 0.035149
0 0.699413 0.161687 0.012708 0.031634
0 0.720919 0.150264 0.016618 0.036907
0 0.746334 0.139719 0.014663 0.033392
0 0.741447 0.163445 0.014663 0.035149
0 0.743891 0.194200 0.017595 0.043937
0 0.761486 0.161687 0.013685 0.035149
0 0.777615 0.132689 0.014663 0.036907
0 0.791789 0.161687 0.017595 0.035149
0 0.789345 0.225835 0.020528 0.043937
0 0.767840 0.240773 0.022483 0.052724
0 0.789345 0.282953 0.026393 0.056239
0 0.748778 0.381371 0.033236 0.080844
0 0.819648 0.389279 0.034213 0.079086
0 0.834311 0.314587 0.028348 0.070299
0 0.816716 0.253954 0.022483 0.054482
0 0.872434 0.259227 0.022483 0.050967
0 0.897361 0.430580 0.033236 0.087873
0 0.918377 0.336555 0.032258 0.068541
0 0.921310 0.280316 0.026393 0.061511
0 0.887097 0.228471 0.020528 0.052724
0 0.932063 0.214411 0.020528 0.038664
