0 0.200369 0.405428 0.044321 0.070724
0 0.280702 0.256579 0.016620 0.023026
0 0.289935 0.290296 0.018467 0.027961
0 0.352724 0.279605 0.016620 0.032895
0 0.373500 0.288651 0.015697 0.037829
0 0.376270 0.238487 0.015697 0.029605
0 0.381348 0.189967 0.011080 0.024671
0 0.407202 0.195724 0.011080 0.023026
0 0.423361 0.188322 0.012004 0.024671
0 0.412742 0.176809 0.011080 0.021382
0 0.449215 0.166118 0.012004 0.019737
0 0.446907 0.194079 0.012927 0.029605
0 0.440905 0.238487 0.015697 0.036184
0 0.464912 0.231908 0.017544 0.036184
0 0.351339 0.246711 0.013850 0.026316
0 0.519852 0.207237 0.016620 0.036184
0 0.489381 0.209704 0.016620 0.034539
0 0.480148 0.186678 0.016620 0.027961
0 0.471376 0.160362 0.013850 0.024671
0 0.463066 0.148026 0.012004 0.023026
0 0.505078 0.135691 0.007387 0.018092
0 0.509234 0.175987 0.017544 0.032895
0 0.515235 0.154605 0.012927 0.026316
0 0.538319 0.156250 0.016620 0.026316
0 0.545245 0.192434 0.012004 0.026316
0 0.577101 0.180099 0.012927 0.024671
0 0.584488 0.153783 0.011080 0.024671
0 0.557248 0.138980 0.010157 0.018092
0 0.554940 0.119243 0.009234 0.014803
0 0.587258 0.126645 0.011080 0.023026
0 0.590951 0.114309 0.009234 0.021382
0 0.613573 0.115132 0.012004 0.019737
0 0.610803 0.155428 0.012004 0.024671
0 0.642659 0.144737 0.011080 0.023026
0 0.647276 0.129112 0.009234 0.018092
0 0.657895 0.124178 0.010157 0.021382
0 0.641274 0.106908 0.008310 0.019737
0 0.693906 0.117599 0.010157 0.021382
0 0.497230 0.286184 0.019391 0.036184
0 0.537396 0.328125 0.016620 0.034539
0 0.628347 0.312500 0.021237 0.049342
0 0.566020 0.263158 0.016620 0.036184
0 0.620037 0.259868 0.015697 0.042763
0 0.632964 0.223684 0.015697 0.029605
0 0.649123 0.179276 0.016620 0.032895
0 0.663897 0.221217 0.018467 0.034539
0 0.679594 0.340461 0.022161 0.049342
0 0.686981 0.164474 0.009234 0.019737
0 0.698061 0.178454 0.012927 0.031250
0 0.721607 0.173520 0.012004 0.021382
0 0.745614 0.153783 0.015697 0.024671
0 0.742382 0.123355 0.009234 0.019737
0 0.758541 0.137336 0.012004 0.024671
0 0.778855 0.171053 0.012004 0.026316
0 0.746999 0.233553 0.016620 0.036184
0 0.727608 0.207237 0.014774 0.036184
0 0.713296 0.276316 0.019391 0.042763
0 0.692982 0.240132 0.012004 0.029605
0 0.753924 0.355263 0.024931 0.059211
0 0.765466 0.303454 0.020314 0.047697
0 0.807941 0.251645 0.014774 0.036184
0 0.772392 0.212993 0.017544 0.037829
0 0.814866 0.153783 0.010157 0.027961
0 0.823638 0.142270 0.011080 0.021382
0 0.829640 0.125822 0.010157 0.024671
0 0.803786 0.412007 0.024931 0.057566
0 0.831487 0.320724 0.019391 0.042763
0 0.889658 0.372533 0.026777 0.060855
0 0.904894 0.321546 0.020314 0.041118
0 0.869806 0.269737 0.014774 0.039474
0 0.904894 0.269737 0.014774 0.032895
0 0.825023 0.214638 0.015697 0.044408
0 0.879501 0.208059 0.012004 0.031250
0 0.915974 0.227796 0.011080 0.027961
0 0.889658 0.176809 0.008310 0.018092
0 0.894737 0.143092 0.009234 0.019737
0 0.848107 0.174342 0.010157 0.026316
0 0.855032 0.152961 0.009234 0.023026
0 0.864266 0.136513 0.009234 0.019737
