0 0.128102 0.560755 0.044836 0.110016
0 0.222578 0.266831 0.016013 0.041051
0 0.240192 0.271757 0.014412 0.041051
0 0.257806 0.258621 0.017614 0.044335
0 0.309448 0.239737 0.016813 0.039409
0 0.312250 0.211002 0.019215 0.037767
0 0.342274 0.229885 0.018415 0.036125
0 0.367894 0.200328 0.020016 0.029557
0 0.351081 0.206897 0.015212 0.036125
0 0.411529 0.188013 0.014412 0.034483
0 0.438751 0.169130 0.014412 0.039409
0 0.458367 0.168309 0.015212 0.034483
0 0.471978 0.165846 0.015212 0.045977
0 0.477182 0.173235 0.017614 0.050903
0 0.500801 0.152709 0.015212 0.036125
0 0.373499 0.265189 0.015212 0.047619
0 0.400721 0.247947 0.013611 0.029557
0 0.437550 0.197865 0.015212 0.034483
0 0.473179 0.249589 0.019215 0.045977
0 0.436349 0.312808 0.025620 0.047619
0 0.500400 0.211823 0.016013 0.032841
0 0.518815 0.172414 0.019215 0.045977
0 0.558447 0.141215 0.013611 0.036125
0 0.602082 0.133005 0.016013 0.032841
0 0.636910 0.130542 0.015212 0.034483
0 0.534828 0.174056 0.016013 0.042693
0 0.555244 0.220854 0.015212 0.041051
0 0.664131 0.138752 0.012010 0.031199
0 0.661729 0.186371 0.020016 0.024631
0 0.585268 0.171593 0.017614 0.034483
0 0.586469 0.147783 0.023219 0.029557
0 0.692554 0.142857 0.012810 0.032841
0 0.585669 0.206897 0.015212 0.036125
0 0.606085 0.206897 0.014412 0.036125
0 0.615292 0.183908 0.016813 0.042693
0 0.691353 0.167488 0.016813 0.042693
0 0.714171 0.158456 0.012810 0.044335
0 0.578863 0.334154 0.020817 0.047619
0 0.606085 0.305419 0.019215 0.065681
0 0.660128 0.247947 0.020016 0.052545
0 0.708967 0.219212 0.018415 0.041051
0 0.781825 0.169130 0.015212 0.039409
0 0.760608 0.200328 0.017614 0.042693
0 0.739792 0.231527 0.022418 0.042693
0 0.597678 0.379310 0.016813 0.049261
0 0.661329 0.399836 0.024019 0.060755
0 0.716173 0.280788 0.021617 0.049261
0 0.723379 0.397373 0.023219 0.059113
0 0.757406 0.302956 0.022418 0.054187
0 0.785829 0.217570 0.020016 0.047619
0 0.810649 0.194581 0.012010 0.041051
0 0.825861 0.220033 0.018415 0.042693
0 0.825861 0.236453 0.023219 0.049261
0 0.795837 0.266010 0.016013 0.036125
0 0.819456 0.311987 0.020016 0.045977
0 0.796637 0.443350 0.025620 0.075534
0 0.857086 0.478654 0.029624 0.080460
0 0.867494 0.340722 0.018415 0.054187
0 0.878303 0.425287 0.020817 0.072250
0 0.873499 0.236453 0.014412 0.042693
0 0.906325 0.227422 0.014412 0.047619
0 0.891113 0.284072 0.017614 0.045977
0 0.945957 0.244663 0.013611 0.042693
0 0.931946 0.271757 0.016013 0.037767
0 0.983587 0.255337 0.012010 0.041051
0 0.976381 0.308703 0.015212 0.039409
0 0.928343 0.348933 0.016813 0.054187
0 0.978783 0.362890 0.018415 0.059113
0 0.957566 0.428571 0.027222 0.049261
0 0.608487 0.155993 0.019215 0.036125
0 0.657326 0.153530 0.014412 0.031199
0 0.947158 0.371921 0.014412 0.050903
