0 0.157360 0.450181 0.060914 0.125000
0 0.376142 0.230978 0.019289 0.038043
0 0.393401 0.231884 0.025381 0.050725
0 0.374112 0.191123 0.021320 0.038043
0 0.397970 0.164855 0.020305 0.036232
0 0.427919 0.169384 0.019289 0.034420
0 0.434010 0.198370 0.019289 0.038043
0 0.445178 0.247283 0.027411 0.041667
0 0.419797 0.227355 0.021320 0.038043
0 0.468020 0.235507 0.022335 0.043478
0 0.469036 0.188406 0.018274 0.036232
0 0.465990 0.157609 0.018274 0.032609
0 0.454315 0.153080 0.015228 0.034420
0 0.438071 0.142210 0.015228 0.030797
0 0.484772 0.142210 0.013198 0.034420
0 0.495431 0.120471 0.010152 0.023551
0 0.533503 0.157609 0.017259 0.032609
0 0.502538 0.199275 0.020305 0.047101
0 0.532487 0.196558 0.019289 0.041667
0 0.553807 0.160326 0.017259 0.038043
0 0.573096 0.138587 0.017259 0.034420
0 0.531980 0.135870 0.012183 0.025362
0 0.584772 0.169384 0.020305 0.041667
0 0.583756 0.107790 0.014213 0.027174
0 0.604061 0.130435 0.018274 0.036232
0 0.618274 0.143116 0.016244 0.032609
0 0.621827 0.120471 0.015228 0.027174
0 0.604569 0.100543 0.013198 0.023551
0 0.656345 0.099638 0.019289 0.032609
0 0.660406 0.134964 0.017259 0.034420
0 0.685279 0.119565 0.014213 0.032609
0 0.700000 0.117754 0.013198 0.028986
0 0.637563 0.219203 0.020305 0.043478
0 0.607614 0.254529 0.031472 0.067029
0 0.556853 0.273551 0.025381 0.047101
0 0.623350 0.298007 0.028426 0.056159
0 0.693909 0.321558 0.033503 0.056159
0 0.723858 0.283514 0.032487 0.070652
0 0.752284 0.241848 0.022335 0.048913
0 0.748731 0.204710 0.021320 0.047101
0 0.728426 0.171196 0.019289 0.041667
0 0.713198 0.155797 0.015228 0.043478
0 0.703553 0.200181 0.020305 0.045290
0 0.692386 0.166667 0.020305 0.039855
0 0.679188 0.182065 0.020305 0.045290
0 0.740102 0.134058 0.020305 0.036232
0 0.763452 0.145833 0.018274 0.034420
0 0.786802 0.129529 0.020305 0.041667
0 0.786802 0.157609 0.018274 0.039855
0 0.774112 0.186594 0.021320 0.047101
0 0.811168 0.245471 0.024365 0.056159
0 0.783756 0.233696 0.026396 0.043478
0 0.832487 0.333333 0.028426 0.068841
0 0.832487 0.233696 0.018274 0.047101
0 0.818782 0.173913 0.019289 0.039855
0 0.839086 0.157609 0.017259 0.050725
0 0.857360 0.193841 0.015228 0.036232
0 0.873604 0.180254 0.013198 0.034420
0 0.894416 0.200181 0.016244 0.034420
0 0.891878 0.232790 0.021320 0.041667
0 0.883756 0.266304 0.021320 0.054348
0 0.919289 0.321558 0.025381 0.056159
0 0.946193 0.218297 0.016244 0.048913
0 0.940102 0.166667 0.016244 0.043478
