0 0.159810 0.274788 0.033228 0.050992
0 0.181566 0.403683 0.037184 0.073654
0 0.641218 0.099858 0.015032 0.029745
0 0.693038 0.107649 0.014241 0.025496
0 0.727453 0.116147 0.018196 0.031161
0 0.777294 0.118980 0.011867 0.025496
0 0.807358 0.123938 0.010285 0.032578
0 0.836630 0.123938 0.018196 0.035411
0 0.561313 0.129603 0.011867 0.024079
0 0.524921 0.140227 0.011867 0.028329
0 0.591772 0.103399 0.007911 0.019830
0 0.607991 0.117564 0.013449 0.028329
0 0.503560 0.140227 0.015032 0.028329
0 0.456883 0.146601 0.018196 0.029745
0 0.348101 0.211756 0.020570 0.038244
0 0.319225 0.247875 0.022943 0.036827
0 0.313687 0.275496 0.016614 0.038244
0 0.411392 0.196884 0.020570 0.036827
0 0.439082 0.172096 0.015823 0.032578
0 0.392801 0.264164 0.027690 0.049575
0 0.451345 0.218130 0.018196 0.031161
0 0.467959 0.242918 0.022943 0.038244
0 0.501582 0.190510 0.017405 0.038244
0 0.558940 0.181303 0.018196 0.033994
0 0.606804 0.147309 0.015823 0.028329
0 0.640032 0.134561 0.017405 0.031161
0 0.534810 0.300283 0.031646 0.062323
0 0.563687 0.244334 0.021361 0.052408
0 0.602453 0.259915 0.026108 0.046742
0 0.603244 0.220963 0.024525 0.045326
0 0.631329 0.310907 0.026899 0.058074
0 0.651108 0.265581 0.023734 0.043909
0 0.653481 0.224504 0.022152 0.041076
0 0.676820 0.190510 0.018196 0.038244
0 0.704905 0.222380 0.018987 0.045326
0 0.720332 0.181303 0.016614 0.036827
0 0.777294 0.167847 0.013449 0.032578
0 0.817642 0.155807 0.021361 0.039660
0 0.858386 0.158640 0.018987 0.036827
0 0.892801 0.153683 0.011867 0.029745
0 0.835047 0.322238 0.026108 0.080737
0 0.795886 0.381728 0.030063 0.092068
0 0.875000 0.424929 0.034810 0.084986
0 0.903877 0.303824 0.026108 0.060907
0 0.861946 0.262748 0.019778 0.049575
0 0.914953 0.246459 0.022943 0.053824
0 0.763845 0.234419 0.021361 0.055241
0 0.811709 0.250000 0.017405 0.043909
0 0.803006 0.181303 0.020570 0.039660
0 0.371440 0.243626 0.026108 0.033994
0 0.405063 0.238669 0.033228 0.041076
0 0.547864 0.143768 0.013449 0.029745
0 0.542722 0.162890 0.022152 0.048159
0 0.586234 0.146601 0.022152 0.035411
0 0.669304 0.124646 0.011076 0.028329
0 0.749604 0.147309 0.018196 0.036827
0 0.762263 0.298867 0.022943 0.042493
0 0.884098 0.179178 0.015032 0.035411
0 0.348101 0.247167 0.020570 0.049575
0 0.584256 0.123938 0.015032 0.026912
0 0.772943 0.217422 0.015823 0.038244
0 0.871044 0.233711 0.015823 0.045326
