0 0.305556 0.227099 0.018519 0.038168
0 0.356754 0.191794 0.018519 0.024809
0 0.405229 0.203244 0.019608 0.032443
0 0.436819 0.181298 0.017429 0.030534
0 0.442810 0.221374 0.020697 0.038168
0 0.433551 0.258588 0.019608 0.040076
0 0.496732 0.217557 0.021786 0.041985
0 0.482571 0.170802 0.017429 0.032443
0 0.539760 0.167939 0.011983 0.022901
0 0.554466 0.182252 0.015251 0.032443
0 0.627996 0.125954 0.014161 0.034351
0 0.660675 0.187023 0.016340 0.022901
0 0.623638 0.216603 0.022876 0.036260
0 0.665577 0.222328 0.023965 0.040076
0 0.726035 0.234733 0.022876 0.038168
0 0.671024 0.292939 0.023965 0.043893
0 0.625817 0.306298 0.022876 0.055344
0 0.666122 0.362595 0.027233 0.068702
0 0.795752 0.288168 0.018519 0.053435
0 0.813181 0.257634 0.016340 0.049618
0 0.870915 0.268130 0.020697 0.043893
0 0.928649 0.236641 0.020697 0.041985
0 0.903595 0.338740 0.025054 0.062977
0 0.849129 0.318702 0.025054 0.061069
0 0.903595 0.444656 0.031590 0.064885
0 0.458606 0.142176 0.013072 0.028626
