0 0.142917 0.520423 0.044688 0.077465
0 0.237352 0.332394 0.019393 0.033803
0 0.271079 0.342254 0.024452 0.042254
0 0.291737 0.371831 0.023609 0.039437
0 0.294688 0.301408 0.021079 0.030986
0 0.348651 0.357746 0.024452 0.042254
0 0.365936 0.325352 0.020236 0.033803
0 0.363828 0.296479 0.021079 0.026761
0 0.403035 0.259859 0.018550 0.029577
0 0.421164 0.330282 0.022766 0.040845
0 0.416948 0.297183 0.019393 0.033803
0 0.457841 0.335211 0.025295 0.039437
0 0.493255 0.399296 0.033727 0.060563
0 0.446459 0.326056 0.017707 0.035211
0 0.438027 0.256338 0.017707 0.028169
0 0.456577 0.255634 0.016020 0.035211
0 0.476813 0.238028 0.014334 0.028169
0 0.486509 0.296479 0.020236 0.038028
0 0.522766 0.260563 0.013491 0.028169
0 0.539629 0.274648 0.018550 0.036620
0 0.560287 0.249296 0.017707 0.036620
0 0.573356 0.226761 0.018550 0.030986
0 0.587690 0.215493 0.015177 0.028169
0 0.588111 0.240845 0.014334 0.030986
0 0.599073 0.256338 0.014334 0.030986
0 0.570826 0.276761 0.018550 0.035211
0 0.520658 0.317606 0.019393 0.043662
0 0.552698 0.353521 0.024452 0.050704
0 0.618044 0.376761 0.026981 0.052113
0 0.524030 0.476761 0.032884 0.052113
0 0.612142 0.447183 0.032040 0.071831
0 0.651349 0.461268 0.036256 0.071831
0 0.670742 0.371127 0.027825 0.060563
0 0.708685 0.357746 0.027825 0.047887
0 0.620152 0.321127 0.031197 0.050704
0 0.650506 0.297183 0.022766 0.042254
0 0.619309 0.242958 0.016020 0.035211
0 0.619730 0.219014 0.013491 0.021127
0 0.624789 0.202113 0.011804 0.023944
0 0.644182 0.210563 0.011804 0.023944
0 0.647133 0.241549 0.016020 0.026761
0 0.657673 0.221127 0.013491 0.028169
0 0.689292 0.278873 0.019393 0.045070
0 0.699831 0.314085 0.016863 0.036620
0 0.724705 0.296479 0.024452 0.038028
0 0.725970 0.248592 0.016863 0.032394
0 0.692243 0.227465 0.011804 0.026761
0 0.690135 0.204930 0.010961 0.023944
0 0.705734 0.227465 0.013491 0.029577
0 0.750422 0.247887 0.016863 0.036620
0 0.756745 0.235915 0.014334 0.026761
0 0.766020 0.233803 0.010961 0.025352
0 0.802698 0.234507 0.016863 0.026761
0 0.793423 0.259859 0.015177 0.026761
0 0.806071 0.279577 0.015177 0.035211
0 0.833052 0.243662 0.015177 0.030986
0 0.845278 0.266197 0.019393 0.036620
0 0.830944 0.292254 0.016020 0.035211
0 0.836425 0.355634 0.025295 0.046479
0 0.811130 0.428169 0.028668 0.056338
0 0.741568 0.399296 0.032884 0.054930
0 0.722175 0.540141 0.037943 0.077465
0 0.841906 0.505634 0.041315 0.073239
0 0.864671 0.450000 0.031197 0.069014
0 0.882378 0.393662 0.026138 0.057746
0 0.894604 0.335211 0.020236 0.045070
0 0.868044 0.314085 0.021079 0.042254
0 0.869309 0.271127 0.016863 0.035211
0 0.867622 0.252817 0.018550 0.029577
0 0.879848 0.263380 0.016020 0.030986
0 0.904722 0.254930 0.018550 0.033803
0 0.921585 0.279577 0.020236 0.043662
0 0.908938 0.313380 0.015177 0.035211
0 0.949831 0.464085 0.029511 0.054930
0 0.932546 0.438732 0.020236 0.032394
0 0.951518 0.354930 0.019393 0.042254
0 0.944772 0.312676 0.019393 0.045070
0 0.959528 0.302113 0.015177 0.040845
0 0.961636 0.271127 0.017707 0.029577
