0 0.207237 0.436242 0.055451 0.117450
0 0.251880 0.392617 0.046992 0.090604
0 0.281485 0.191275 0.025376 0.050336
0 0.345865 0.248322 0.022556 0.053691
0 0.363252 0.264262 0.021617 0.048658
0 0.398026 0.184564 0.023496 0.040268
0 0.421523 0.217282 0.021617 0.052013
0 0.440789 0.235738 0.020677 0.041946
0 0.446429 0.182886 0.020677 0.040268
0 0.429041 0.283557 0.025376 0.046980
0 0.468985 0.194631 0.018797 0.043624
0 0.464756 0.150168 0.021617 0.031879
0 0.480263 0.130872 0.015038 0.030201
0 0.526786 0.138423 0.017857 0.045302
0 0.508459 0.170302 0.020677 0.045302
0 0.531955 0.202181 0.024436 0.045302
0 0.551222 0.151007 0.017857 0.036913
0 0.556861 0.109060 0.012218 0.026846
0 0.574718 0.156040 0.017857 0.030201
0 0.637218 0.058725 0.015038 0.036913
0 0.481673 0.313758 0.031015 0.063758
0 0.615602 0.240772 0.031955 0.045302
0 0.670583 0.245805 0.027256 0.058725
0 0.674812 0.161074 0.015038 0.046980
0 0.706297 0.145973 0.017857 0.036913
0 0.729793 0.154362 0.019737 0.040268
0 0.736372 0.139262 0.019737 0.036913
0 0.750940 0.097315 0.015038 0.036913
0 0.745301 0.169463 0.018797 0.036913
0 0.712876 0.276007 0.025376 0.058725
0 0.761748 0.285235 0.027256 0.060403
0 0.792763 0.182047 0.019737 0.041946
0 0.806391 0.119966 0.016917 0.035235
0 0.840695 0.173658 0.019737 0.048658
0 0.864662 0.221477 0.018797 0.053691
