0 0.235558 0.411348 0.062749 0.134752
0 0.371016 0.465426 0.070717 0.136525
0 0.245518 0.164894 0.022908 0.042553
0 0.405876 0.199468 0.022908 0.044326
0 0.433765 0.199468 0.018924 0.040780
0 0.441733 0.256206 0.020916 0.047872
0 0.464641 0.221631 0.022908 0.046099
0 0.488546 0.208333 0.022908 0.044326
0 0.562251 0.183511 0.026892 0.058511
0 0.639442 0.226950 0.025896 0.056738
0 0.591135 0.102837 0.014940 0.031915
0 0.611056 0.093972 0.014940 0.028369
0 0.634462 0.115248 0.015936 0.031915
0 0.660359 0.109043 0.011952 0.030142
