0 0.066481 0.473088 0.039013 0.073654
0 0.226115 0.330737 0.022293 0.041076
0 0.274682 0.306657 0.020701 0.041076
0 0.248806 0.358357 0.026274 0.045326
0 0.282643 0.354816 0.019108 0.041076
0 0.338376 0.294618 0.019108 0.039660
0 0.324443 0.343484 0.018312 0.041076
0 0.375796 0.259915 0.015924 0.038244
0 0.392516 0.276204 0.022293 0.039660
0 0.369029 0.330737 0.021497 0.035411
0 0.396497 0.336402 0.017516 0.038244
0 0.411226 0.254958 0.015127 0.031161
0 0.434315 0.256374 0.011943 0.031161
0 0.445860 0.248584 0.017516 0.041076
0 0.456608 0.233003 0.019904 0.038244
0 0.496417 0.241501 0.011943 0.024079
0 0.488057 0.260623 0.015924 0.028329
0 0.500398 0.265581 0.015127 0.032578
0 0.509156 0.245042 0.010350 0.019830
0 0.529459 0.240793 0.012739 0.022663
0 0.540207 0.219547 0.010350 0.022663
0 0.553742 0.206091 0.011943 0.024079
0 0.433121 0.337110 0.020701 0.036827
0 0.451831 0.315864 0.019904 0.031161
0 0.488057 0.314448 0.019108 0.036827
0 0.555334 0.272663 0.013535 0.029745
0 0.565685 0.250000 0.023089 0.029745
0 0.584793 0.251416 0.024682 0.029745
0 0.582404 0.220963 0.018312 0.039660
0 0.590366 0.200425 0.016720 0.029745
0 0.604697 0.216006 0.016720 0.029745
0 0.618232 0.217422 0.015127 0.029745
0 0.447452 0.405099 0.023885 0.053824
0 0.511146 0.364023 0.020701 0.050992
0 0.522293 0.400850 0.023885 0.053824
0 0.575637 0.330737 0.020701 0.043909
0 0.571258 0.390935 0.035828 0.050992
0 0.568869 0.444759 0.031051 0.065156
0 0.640525 0.213173 0.018312 0.029745
0 0.651672 0.217422 0.016720 0.029745
0 0.618232 0.254958 0.019904 0.039660
0 0.646497 0.269830 0.017516 0.041076
0 0.616640 0.302408 0.026274 0.038244
0 0.623408 0.344901 0.019108 0.046742
0 0.633360 0.367564 0.024682 0.055241
0 0.675159 0.213881 0.017516 0.025496
0 0.678344 0.245042 0.017516 0.033994
0 0.667596 0.296742 0.023089 0.038244
0 0.664809 0.358357 0.020701 0.053824
0 0.618631 0.473088 0.039809 0.065156
0 0.699045 0.402975 0.030255 0.055241
0 0.689092 0.507790 0.035828 0.077904
0 0.699443 0.279037 0.013535 0.033994
0 0.711385 0.246459 0.016720 0.031161
0 0.719745 0.250000 0.019108 0.041076
0 0.738057 0.230170 0.015924 0.026912
0 0.738854 0.261331 0.012739 0.026912
0 0.749602 0.279037 0.011943 0.028329
0 0.756369 0.238669 0.012739 0.021246
0 0.773089 0.240085 0.014331 0.026912
0 0.781847 0.261331 0.017516 0.043909
0 0.789809 0.296742 0.015924 0.035411
0 0.785430 0.354816 0.019904 0.046742
0 0.738057 0.423513 0.031847 0.056657
0 0.799761 0.503541 0.024682 0.066572
0 0.823646 0.463173 0.026274 0.065156
0 0.815287 0.250000 0.014331 0.029745
0 0.803742 0.323654 0.016720 0.035411
0 0.810510 0.304533 0.015924 0.036827
0 0.833599 0.263456 0.014331 0.025496
0 0.846338 0.253541 0.011146 0.025496
0 0.865446 0.272663 0.012739 0.026912
0 0.848726 0.342776 0.020701 0.050992
0 0.832803 0.360482 0.020701 0.052408
0 0.881768 0.452550 0.029459 0.058074
0 0.878583 0.316572 0.015127 0.035411
0 0.897691 0.303116 0.018312 0.045326
0 0.906051 0.274079 0.009554 0.024079
0 0.906847 0.355524 0.017516 0.050992
0 0.824045 0.273371 0.011146 0.036827
0 0.860271 0.308074 0.018312 0.049575
0 0.390924 0.300283 0.017516 0.036827
0 0.342357 0.317280 0.015924 0.031161
