0 0.176564 0.466527 0.047506 0.093445
0 0.230800 0.334031 0.015044 0.032078
0 0.258511 0.341702 0.019794 0.041841
0 0.287411 0.301953 0.017419 0.037657
0 0.280681 0.370293 0.021378 0.043236
0 0.332146 0.356346 0.019794 0.046025
0 0.351148 0.316597 0.016627 0.033473
0 0.349169 0.290098 0.017419 0.030683
0 0.387569 0.318689 0.013460 0.034868
0 0.403009 0.328452 0.020586 0.037657
0 0.402613 0.294979 0.016627 0.034868
0 0.399050 0.272664 0.015835 0.026499
0 0.389945 0.255230 0.015044 0.030683
0 0.431512 0.300558 0.020586 0.043236
0 0.420823 0.261506 0.015044 0.029289
0 0.436263 0.262901 0.015835 0.034868
0 0.464766 0.295676 0.015835 0.027894
0 0.462391 0.258717 0.015835 0.032078
0 0.451306 0.244770 0.014252 0.026499
0 0.459620 0.234310 0.013460 0.025105
0 0.491291 0.313808 0.019794 0.039052
0 0.487332 0.266388 0.016627 0.033473
0 0.497229 0.252441 0.012668 0.025105
0 0.507522 0.276151 0.015835 0.033473
0 0.509105 0.241283 0.012668 0.030683
0 0.521774 0.244770 0.015835 0.037657
0 0.555028 0.218968 0.012668 0.025105
0 0.561362 0.236402 0.014252 0.026499
0 0.566904 0.255927 0.012668 0.032078
0 0.590261 0.239191 0.011876 0.029289
0 0.588678 0.219665 0.011876 0.023710
0 0.599762 0.204324 0.013460 0.026499
0 0.612035 0.216179 0.012668 0.025105
0 0.624703 0.246862 0.014252 0.030683
0 0.651227 0.210600 0.015044 0.030683
0 0.657165 0.227336 0.012668 0.027894
0 0.668250 0.225244 0.012668 0.029289
0 0.524545 0.354951 0.026128 0.057183
0 0.495645 0.375872 0.026920 0.062762
0 0.536817 0.396792 0.030087 0.051604
0 0.578781 0.380056 0.028504 0.054393
0 0.582740 0.325662 0.020586 0.046025
0 0.542359 0.276848 0.015835 0.032078
0 0.599762 0.421199 0.026128 0.061367
0 0.625099 0.452580 0.037213 0.073919
0 0.651227 0.364714 0.026128 0.048815
0 0.631037 0.335425 0.023753 0.046025
0 0.617973 0.301953 0.019794 0.043236
0 0.653207 0.276848 0.019002 0.037657
0 0.677356 0.348675 0.021378 0.058577
0 0.689232 0.506974 0.040380 0.082287
0 0.706255 0.397490 0.030087 0.055788
0 0.766033 0.419805 0.029295 0.055788
0 0.780681 0.490934 0.034838 0.066946
0 0.824228 0.434449 0.025337 0.062762
0 0.837292 0.370293 0.024545 0.051604
0 0.793349 0.357741 0.023753 0.048815
0 0.895883 0.461646 0.032462 0.064156
0 0.889153 0.391911 0.026920 0.052999
0 0.901821 0.350767 0.019002 0.040446
0 0.875693 0.325662 0.022169 0.046025
0 0.844418 0.332636 0.019794 0.043236
0 0.816310 0.304045 0.022169 0.044630
0 0.791766 0.299163 0.019002 0.037657
0 0.796120 0.273361 0.018211 0.036262
0 0.790578 0.246165 0.016627 0.032078
0 0.763262 0.261506 0.015835 0.032078
0 0.759699 0.236402 0.015044 0.029289
0 0.739509 0.283124 0.017419 0.039052
0 0.730800 0.262901 0.012668 0.029289
0 0.745843 0.260809 0.012668 0.030683
0 0.730008 0.232218 0.014252 0.032078
0 0.710214 0.249651 0.015835 0.033473
0 0.693983 0.301953 0.019794 0.037657
0 0.687253 0.249651 0.015835 0.033473
0 0.819082 0.257322 0.015044 0.034868
0 0.830562 0.270572 0.014252 0.036262
0 0.849169 0.255927 0.013460 0.037657
0 0.867775 0.274059 0.017419 0.037657
0 0.905384 0.305439 0.015044 0.027894
0 0.909343 0.279637 0.013460 0.023710
