0 0.345395 0.235246 0.019737 0.037705
0 0.356203 0.311475 0.020677 0.039344
0 0.392387 0.300820 0.019737 0.037705
0 0.402256 0.227049 0.018797 0.034426
0 0.368421 0.202459 0.015038 0.027869
0 0.396617 0.189344 0.011278 0.031148
0 0.411184 0.204098 0.017857 0.034426
0 0.460996 0.232787 0.017857 0.032787
0 0.492951 0.231148 0.019737 0.039344
0 0.494361 0.204918 0.018797 0.032787
0 0.478853 0.190164 0.014098 0.029508
0 0.462876 0.206557 0.015977 0.026230
0 0.453008 0.184426 0.015038 0.027869
0 0.580357 0.144262 0.014098 0.026230
0 0.493891 0.309016 0.025376 0.044262
0 0.631579 0.251639 0.020677 0.047541
0 0.671992 0.062295 0.011278 0.022951
0 0.714286 0.193443 0.018797 0.042623
0 0.759398 0.245902 0.018797 0.052459
0 0.927632 0.229508 0.016917 0.039344
