0 0.182505 0.457031 0.038877 0.082031
0 0.270518 0.222656 0.024838 0.046875
0 0.307235 0.220703 0.018359 0.042969
0 0.333693 0.182617 0.015119 0.037109
0 0.348272 0.184570 0.016199 0.033203
0 0.348812 0.215820 0.021598 0.041016
0 0.384449 0.272461 0.025918 0.056641
0 0.368251 0.242188 0.019438 0.039062
0 0.386609 0.200195 0.021598 0.044922
0 0.396328 0.229492 0.025918 0.033203
0 0.409827 0.198242 0.016199 0.041016
0 0.390929 0.154297 0.012959 0.027344
0 0.413607 0.157227 0.015119 0.029297
0 0.438445 0.144531 0.012959 0.035156
0 0.439525 0.185547 0.017279 0.039062
0 0.460583 0.200195 0.018359 0.037109
0 0.473542 0.126953 0.016199 0.027344
0 0.478402 0.141602 0.012959 0.029297
0 0.488121 0.152344 0.012959 0.027344
0 0.497840 0.174805 0.017279 0.037109
0 0.519438 0.179688 0.017279 0.039062
0 0.507019 0.148438 0.014039 0.027344
0 0.492441 0.109375 0.012959 0.023438
0 0.513499 0.123047 0.014039 0.035156
0 0.561015 0.181641 0.016199 0.039062
0 0.553456 0.168945 0.018359 0.037109
0 0.543737 0.142578 0.016199 0.027344
0 0.559935 0.146484 0.016199 0.031250
0 0.551836 0.120117 0.012959 0.025391
0 0.589093 0.155273 0.018359 0.033203
0 0.589633 0.102539 0.012959 0.025391
0 0.622570 0.134766 0.011879 0.031250
0 0.640389 0.153320 0.012959 0.033203
0 0.664147 0.112305 0.015119 0.041016
0 0.677106 0.101562 0.015119 0.035156
0 0.690065 0.121094 0.017279 0.035156
0 0.698164 0.101562 0.018359 0.035156
0 0.670626 0.172852 0.019438 0.033203
0 0.648488 0.142578 0.014039 0.035156
0 0.591253 0.223633 0.026998 0.044922
0 0.633369 0.229492 0.022678 0.044922
0 0.642549 0.192383 0.021598 0.041016
0 0.678186 0.210938 0.019438 0.039062
0 0.683045 0.251953 0.031317 0.050781
0 0.696004 0.311523 0.037797 0.076172
0 0.761339 0.350586 0.030238 0.068359
0 0.789957 0.289062 0.026998 0.058594
0 0.759719 0.242188 0.031317 0.058594
0 0.731102 0.222656 0.023758 0.050781
0 0.715443 0.181641 0.022678 0.046875
0 0.726782 0.140625 0.017279 0.039062
0 0.727322 0.174805 0.018359 0.033203
0 0.748920 0.187500 0.018359 0.039062
0 0.744060 0.129883 0.015119 0.029297
0 0.761879 0.122070 0.011879 0.037109
0 0.775918 0.140625 0.014039 0.035156
0 0.783477 0.156250 0.014039 0.031250
0 0.798056 0.124023 0.015119 0.033203
0 0.808855 0.129883 0.015119 0.037109
0 0.839093 0.157227 0.015119 0.037109
0 0.821274 0.175781 0.016199 0.039062
0 0.793737 0.203125 0.017279 0.039062
0 0.808855 0.200195 0.023758 0.041016
0 0.825054 0.249023 0.019438 0.044922
0 0.841253 0.223633 0.021598 0.041016
0 0.914687 0.342773 0.034557 0.076172
0 0.890929 0.228516 0.019438 0.046875
0 0.924406 0.257812 0.021598 0.054688
0 0.940065 0.220703 0.018359 0.042969
0 0.929266 0.195312 0.016199 0.042969
0 0.942225 0.183594 0.018359 0.042969
0 0.904428 0.183594 0.020518 0.046875
0 0.864471 0.170898 0.016199 0.037109
