0 0.229633 0.368373 0.062118 0.118830
0 0.443483 0.223035 0.025458 0.047532
0 0.469450 0.239488 0.020367 0.043876
0 0.533605 0.203839 0.020367 0.045704
0 0.619654 0.199269 0.021385 0.051188
0 0.636965 0.233090 0.025458 0.053016
0 0.680754 0.209324 0.025458 0.053016
0 0.671589 0.170932 0.019348 0.045704
0 0.715886 0.185558 0.018330 0.038391
0 0.689409 0.258684 0.028513 0.049360
0 0.727597 0.306216 0.025458 0.053016
0 0.823829 0.244973 0.026477 0.054845
0 0.870163 0.249543 0.025458 0.053016
0 0.907332 0.313528 0.028513 0.063985
0 0.937882 0.321755 0.030550 0.069470
