0 0.119707 0.544304 0.040717 0.073136
0 0.215798 0.342475 0.019544 0.037975
0 0.243893 0.376934 0.021987 0.045007
0 0.275651 0.371308 0.021987 0.047820
0 0.272394 0.318565 0.020358 0.035162
0 0.324104 0.360759 0.024430 0.046414
0 0.339984 0.336146 0.020358 0.036568
0 0.336726 0.303094 0.017101 0.035162
0 0.368078 0.341069 0.017915 0.037975
0 0.394544 0.338256 0.021987 0.040788
0 0.393322 0.305204 0.017915 0.028129
0 0.375407 0.267932 0.014658 0.026723
0 0.387622 0.284107 0.017915 0.028129
0 0.410423 0.262307 0.016287 0.026723
0 0.429967 0.264416 0.014658 0.030942
0 0.445033 0.274965 0.018730 0.035162
0 0.449919 0.244726 0.015472 0.030942
0 0.491450 0.265120 0.017101 0.035162
0 0.504072 0.282700 0.017915 0.033755
0 0.508143 0.254571 0.014658 0.028129
0 0.531759 0.284107 0.017915 0.036568
0 0.486971 0.334037 0.019544 0.037975
0 0.446661 0.324191 0.023616 0.037975
0 0.418974 0.315049 0.020358 0.036568
0 0.434446 0.353727 0.023616 0.037975
0 0.516694 0.367089 0.025244 0.047820
0 0.451140 0.430380 0.029316 0.059072
0 0.521173 0.434599 0.034202 0.061885
0 0.538274 0.250352 0.016287 0.033755
0 0.541124 0.222222 0.015472 0.028129
0 0.555782 0.258087 0.015472 0.029536
0 0.558632 0.234177 0.013029 0.032349
0 0.580619 0.254571 0.016287 0.025316
0 0.585098 0.232771 0.015472 0.029536
0 0.592834 0.213783 0.013029 0.028129
0 0.613599 0.214487 0.013844 0.029536
0 0.622150 0.229958 0.014658 0.026723
0 0.647801 0.218003 0.013844 0.028129
0 0.659202 0.232771 0.012215 0.029536
0 0.667345 0.221519 0.017101 0.032349
0 0.614414 0.260900 0.017101 0.029536
0 0.585098 0.330520 0.025244 0.047820
0 0.565961 0.460619 0.037459 0.074543
0 0.617264 0.475387 0.037459 0.081575
0 0.604642 0.371308 0.025244 0.045007
0 0.637215 0.375527 0.025244 0.061885
0 0.672231 0.377637 0.023616 0.049226
0 0.701547 0.407876 0.031759 0.056259
0 0.618485 0.310830 0.020358 0.042194
0 0.655130 0.284107 0.020358 0.033755
0 0.665717 0.319972 0.021987 0.049226
0 0.686075 0.303094 0.018730 0.037975
0 0.688111 0.253868 0.016287 0.037975
0 0.721498 0.265120 0.016287 0.032349
0 0.718241 0.241913 0.013029 0.030942
0 0.729235 0.232068 0.015472 0.030942
0 0.748371 0.262307 0.014658 0.032349
0 0.757329 0.288326 0.014658 0.033755
0 0.765879 0.247539 0.017101 0.033755
0 0.793567 0.246132 0.017101 0.030942
0 0.684853 0.544304 0.037459 0.078762
0 0.759365 0.436006 0.030130 0.064698
0 0.793160 0.366385 0.021173 0.052039
0 0.807003 0.502813 0.034202 0.080169
0 0.822476 0.471167 0.034202 0.073136
0 0.836726 0.398734 0.026873 0.052039
0 0.894544 0.470464 0.033388 0.071730
0 0.919788 0.366385 0.021987 0.052039
0 0.903909 0.337553 0.021173 0.042194
0 0.916938 0.317159 0.016287 0.035162
0 0.876629 0.280591 0.017101 0.037975
0 0.873371 0.328411 0.017101 0.035162
0 0.853013 0.342475 0.020358 0.043601
0 0.830619 0.331927 0.022801 0.045007
0 0.798453 0.305204 0.018730 0.039381
0 0.796824 0.274262 0.015472 0.028129
0 0.824104 0.261603 0.016287 0.039381
0 0.835912 0.281997 0.018730 0.040788
0 0.849349 0.265823 0.019544 0.039381
