0 0.062210 0.420701 0.033426 0.083472
0 0.087744 0.428214 0.045497 0.095159
0 0.315227 0.196995 0.025070 0.053422
0 0.322656 0.241235 0.021356 0.041736
0 0.362581 0.222871 0.026927 0.055092
0 0.391365 0.204508 0.021356 0.041736
0 0.515320 0.287980 0.027855 0.055092
0 0.548747 0.289649 0.027855 0.065109
0 0.848189 0.477462 0.052925 0.123539
0 0.624420 0.279633 0.032498 0.061770
0 0.604921 0.176127 0.026927 0.051753
0 0.579851 0.146912 0.023213 0.043406
0 0.613278 0.125209 0.021356 0.043406
0 0.649954 0.133556 0.025998 0.046745
0 0.661560 0.196160 0.034355 0.055092
0 0.698236 0.193656 0.022284 0.043406
