0 0.091143 0.248624 0.015448 0.042202
0 0.114830 0.244954 0.013388 0.027523
0 0.167868 0.257798 0.022657 0.045872
0 0.216272 0.227523 0.020597 0.044037
0 0.279609 0.207339 0.017508 0.036697
0 0.261586 0.388073 0.039135 0.093578
0 0.347580 0.237615 0.036045 0.064220
0 0.403193 0.104587 0.013388 0.029358
0 0.435118 0.096330 0.007209 0.020183
0 0.446447 0.172477 0.015448 0.033028
0 0.462925 0.175229 0.023687 0.060550
0 0.510299 0.090826 0.011329 0.034862
0 0.521112 0.071560 0.008239 0.022018
0 0.549949 0.070642 0.010299 0.023853
0 0.576210 0.084404 0.011329 0.025688
0 0.587539 0.071560 0.009269 0.022018
0 0.648301 0.068807 0.011329 0.023853
0 0.625644 0.203670 0.025747 0.044037
0 0.662719 0.160550 0.019567 0.045872
0 0.687436 0.150459 0.021627 0.051376
0 0.689495 0.080734 0.011329 0.022018
0 0.768280 0.143119 0.018538 0.040367
0 0.786818 0.124771 0.012358 0.036697
0 0.808445 0.096330 0.012358 0.027523
0 0.846550 0.151376 0.014418 0.042202
0 0.869722 0.149541 0.013388 0.038532
0 0.907312 0.182569 0.012358 0.031193
0 0.905767 0.212844 0.019567 0.044037
0 0.932029 0.169725 0.010299 0.027523
0 0.937693 0.184404 0.011329 0.034862
0 0.710093 0.092661 0.011329 0.027523
0 0.734809 0.073394 0.011329 0.029358
0 0.644696 0.077982 0.010299 0.020183
0 0.611226 0.103670 0.009269 0.020183
