0 0.078652 0.546400 0.048154 0.097600
0 0.203852 0.277600 0.020867 0.049600
0 0.229936 0.272000 0.024880 0.048000
0 0.279695 0.238400 0.020064 0.044800
0 0.310594 0.238400 0.019262 0.041600
0 0.310594 0.211200 0.019262 0.048000
0 0.330257 0.225600 0.016854 0.048000
0 0.347913 0.216000 0.018459 0.044800
0 0.366372 0.262400 0.018459 0.051200
0 0.397673 0.242400 0.020064 0.043200
0 0.368379 0.197600 0.017657 0.040000
0 0.390048 0.195200 0.016051 0.038400
0 0.433387 0.194400 0.019262 0.043200
0 0.443820 0.165600 0.017657 0.036800
0 0.469904 0.242400 0.021669 0.043200
0 0.432183 0.320800 0.023274 0.065600
0 0.494382 0.207200 0.019262 0.043200
0 0.481541 0.176000 0.016051 0.038400
0 0.466693 0.172000 0.016854 0.036800
0 0.454655 0.164800 0.012039 0.028800
0 0.494783 0.154400 0.016854 0.036800
0 0.518459 0.172000 0.022472 0.043200
0 0.549759 0.214400 0.017657 0.038400
0 0.552970 0.141600 0.012841 0.040000
0 0.562600 0.164000 0.014446 0.030400
0 0.578250 0.136800 0.015249 0.033600
0 0.597913 0.128800 0.014446 0.033600
0 0.607143 0.156800 0.016854 0.032000
0 0.606742 0.183200 0.014446 0.036800
0 0.581862 0.176800 0.017657 0.033600
0 0.621990 0.200000 0.017657 0.041600
0 0.630417 0.132800 0.015249 0.038400
0 0.655297 0.148800 0.013644 0.035200
0 0.657303 0.187200 0.017657 0.038400
0 0.666934 0.133600 0.016051 0.036800
0 0.691011 0.140800 0.014446 0.035200
0 0.709069 0.153600 0.013644 0.038400
0 0.689406 0.169600 0.017657 0.038400
0 0.569021 0.214400 0.017657 0.038400
0 0.575040 0.329600 0.023274 0.054400
0 0.596709 0.382400 0.029695 0.064000
0 0.613965 0.288000 0.027287 0.054400
0 0.664125 0.250400 0.021669 0.052800
0 0.697030 0.219200 0.018459 0.041600
0 0.658106 0.388800 0.025682 0.060800
0 0.725120 0.386400 0.029695 0.062400
0 0.795345 0.441600 0.032103 0.080000
0 0.874398 0.471200 0.034510 0.072000
0 0.725923 0.260000 0.021669 0.052800
0 0.752006 0.289600 0.020867 0.041600
0 0.742777 0.228800 0.016854 0.044800
0 0.747191 0.188000 0.016051 0.036800
0 0.770867 0.184000 0.015249 0.041600
0 0.781701 0.204000 0.014446 0.040000
0 0.796549 0.254400 0.018459 0.054400
0 0.813403 0.290400 0.026485 0.056000
0 0.819823 0.225600 0.016854 0.041600
0 0.808989 0.188000 0.017657 0.040000
0 0.841493 0.212800 0.015249 0.035200
0 0.869181 0.226400 0.014446 0.040000
0 0.878812 0.224000 0.012841 0.035200
0 0.900482 0.252800 0.014446 0.035200
0 0.906902 0.228000 0.012841 0.030400
0 0.888844 0.291200 0.020064 0.044800
0 0.867576 0.309600 0.020867 0.052800
0 0.847913 0.368000 0.023274 0.060800
0 0.887239 0.385600 0.024880 0.067200
0 0.927368 0.323200 0.020064 0.051200
0 0.929374 0.271200 0.017657 0.046400
0 0.947833 0.244000 0.016051 0.043200
0 0.954655 0.425600 0.023274 0.067200
0 0.947030 0.368800 0.022472 0.059200
0 0.973114 0.353600 0.020064 0.054400
0 0.974318 0.308800 0.014446 0.035200
0 0.985554 0.260000 0.016051 0.046400
