0 0.068436 0.489899 0.045624 0.090909
0 0.257914 0.270202 0.022346 0.035354
0 0.282123 0.262626 0.018622 0.033670
0 0.318901 0.240741 0.017691 0.040404
0 0.325419 0.212963 0.015829 0.038721
0 0.341248 0.218855 0.013966 0.040404
0 0.337989 0.255051 0.018622 0.038721
0 0.350559 0.261785 0.021415 0.038721
0 0.392458 0.283670 0.019553 0.045455
0 0.380819 0.270202 0.018622 0.048822
0 0.357076 0.222222 0.019553 0.040404
0 0.377561 0.186027 0.013966 0.035354
0 0.392924 0.214646 0.016760 0.035354
0 0.400372 0.179293 0.014898 0.028620
0 0.416201 0.185185 0.014898 0.040404
0 0.437616 0.191919 0.016760 0.037037
0 0.445531 0.218013 0.019553 0.045455
0 0.474860 0.228114 0.022346 0.042088
0 0.474395 0.192761 0.017691 0.035354
0 0.460428 0.140572 0.015829 0.031987
0 0.474395 0.155724 0.015829 0.031987
0 0.491155 0.162458 0.015829 0.028620
0 0.482775 0.128788 0.012104 0.025253
0 0.507914 0.186869 0.017691 0.037037
0 0.518622 0.169192 0.016760 0.028620
0 0.536313 0.189394 0.018622 0.042088
0 0.556331 0.240741 0.023277 0.050505
0 0.564246 0.164983 0.016760 0.033670
0 0.551676 0.159091 0.015829 0.031987
0 0.560987 0.122054 0.013966 0.031987
0 0.587989 0.141414 0.013966 0.030303
0 0.585196 0.117003 0.012104 0.025253
0 0.608939 0.148148 0.014898 0.030303
0 0.614060 0.117845 0.015829 0.026936
0 0.634544 0.146465 0.019553 0.030303
0 0.639199 0.117845 0.012104 0.026936
0 0.681564 0.123737 0.014898 0.028620
0 0.687151 0.148148 0.020484 0.037037
0 0.646182 0.187710 0.020484 0.038721
0 0.657821 0.207912 0.021415 0.045455
0 0.501397 0.282828 0.027002 0.050505
0 0.581937 0.292929 0.026071 0.050505
0 0.613128 0.314815 0.028864 0.057239
0 0.623836 0.250000 0.024209 0.048822
0 0.627561 0.202862 0.020484 0.035354
0 0.671788 0.247475 0.023277 0.053872
0 0.706704 0.218013 0.022346 0.042088
0 0.693669 0.190236 0.016760 0.040404
0 0.722533 0.169192 0.014898 0.038721
0 0.714153 0.135522 0.013035 0.031987
0 0.730447 0.138047 0.015829 0.030303
0 0.752793 0.164983 0.015829 0.033670
0 0.766760 0.189394 0.019553 0.045455
0 0.729981 0.201178 0.020484 0.045455
0 0.773743 0.236532 0.022346 0.052189
0 0.749534 0.294613 0.026071 0.060606
0 0.723929 0.279461 0.021415 0.050505
0 0.839385 0.295455 0.023277 0.052189
0 0.853818 0.244108 0.022346 0.050505
0 0.815642 0.204545 0.018622 0.042088
0 0.794227 0.163300 0.016760 0.040404
0 0.776536 0.148148 0.016760 0.030303
0 0.763966 0.124579 0.013966 0.030303
0 0.753724 0.133838 0.015829 0.028620
0 0.805400 0.124579 0.014898 0.023569
0 0.822626 0.148990 0.013966 0.028620
0 0.835196 0.175926 0.018622 0.042088
0 0.849162 0.151515 0.013035 0.030303
0 0.882682 0.203704 0.016760 0.040404
0 0.901769 0.212963 0.015829 0.045455
0 0.923650 0.264310 0.024209 0.060606
0 0.886872 0.169192 0.017691 0.038721
