0 0.242765 0.410134 0.054662 0.116635
0 0.302787 0.246654 0.022508 0.042065
0 0.334405 0.212237 0.019293 0.042065
0 0.405145 0.215105 0.019293 0.043977
0 0.422830 0.180688 0.018221 0.032505
0 0.405145 0.167304 0.015005 0.032505
0 0.446409 0.216061 0.020364 0.045889
0 0.474812 0.237094 0.025723 0.049713
0 0.494641 0.292543 0.028939 0.057361
0 0.566988 0.289675 0.030011 0.066922
0 0.555198 0.258126 0.023580 0.038241
0 0.553055 0.189293 0.019293 0.038241
0 0.443194 0.151052 0.013934 0.026769
0 0.456056 0.146272 0.011790 0.024857
0 0.450697 0.179732 0.011790 0.030593
0 0.484459 0.174952 0.015005 0.028681
0 0.465702 0.185468 0.016077 0.026769
0 0.481243 0.152964 0.012862 0.022945
0 0.510718 0.172084 0.018221 0.038241
0 0.509646 0.144359 0.011790 0.028681
0 0.533762 0.146272 0.015005 0.028681
0 0.542872 0.129063 0.011790 0.024857
0 0.527867 0.128107 0.011790 0.022945
0 0.558950 0.152964 0.013934 0.030593
0 0.588960 0.154876 0.016077 0.034417
0 0.622186 0.127151 0.013934 0.024857
0 0.650054 0.145315 0.016077 0.030593
0 0.673633 0.093690 0.016077 0.034417
0 0.632905 0.209369 0.022508 0.051625
0 0.616292 0.250478 0.025723 0.045889
0 0.624330 0.300191 0.028939 0.065010
0 0.653805 0.287763 0.023580 0.051625
0 0.663451 0.218929 0.017149 0.043977
0 0.660236 0.190249 0.019293 0.036329
0 0.711147 0.243786 0.022508 0.055449
0 0.692926 0.184512 0.022508 0.040153
0 0.728296 0.188337 0.018221 0.036329
0 0.733119 0.135755 0.015005 0.034417
0 0.749196 0.159656 0.017149 0.040153
0 0.763130 0.188337 0.017149 0.040153
0 0.783494 0.144359 0.015005 0.036329
0 0.780815 0.226577 0.022508 0.047801
0 0.800643 0.203633 0.017149 0.036329
0 0.808146 0.181644 0.015005 0.034417
0 0.827438 0.176864 0.019293 0.040153
0 0.846195 0.203633 0.018221 0.040153
0 0.862272 0.195029 0.013934 0.034417
0 0.820472 0.226577 0.020364 0.043977
0 0.811897 0.262906 0.022508 0.047801
0 0.802251 0.300191 0.026795 0.057361
0 0.846731 0.331740 0.025723 0.059273
0 0.864416 0.298279 0.022508 0.049713
0 0.879421 0.235182 0.020364 0.053537
0 0.887996 0.203633 0.013934 0.040153
0 0.897642 0.200765 0.013934 0.038241
0 0.923365 0.246654 0.018221 0.053537
0 0.915863 0.301147 0.026795 0.063098
0 0.902465 0.374761 0.023580 0.061185
0 0.927653 0.441683 0.035370 0.076482
