0 0.387033 0.268103 0.019646 0.039655
0 0.349705 0.240517 0.021611 0.039655
0 0.443517 0.224138 0.018664 0.044828
0 0.399312 0.129310 0.014735 0.034483
0 0.492141 0.308621 0.027505 0.058621
0 0.546660 0.324138 0.028487 0.058621
0 0.587426 0.384483 0.029470 0.048276
0 0.631139 0.242241 0.022593 0.043103
0 0.658644 0.218966 0.022593 0.048276
0 0.560904 0.124138 0.013752 0.024138
0 0.572200 0.129310 0.012770 0.027586
0 0.598723 0.110345 0.010806 0.027586
0 0.783399 0.283621 0.028487 0.067241
0 0.848723 0.310345 0.029470 0.065517
0 0.910118 0.147414 0.014735 0.025862
0 0.937132 0.152586 0.013752 0.029310
