0 0.186408 0.474124 0.052427 0.110184
0 0.349029 0.261269 0.028155 0.055092
0 0.377184 0.264608 0.030097 0.048414
0 0.429612 0.220367 0.024272 0.036728
0 0.456796 0.188648 0.018447 0.040067
0 0.472816 0.157763 0.019417 0.038397
0 0.490291 0.147746 0.021359 0.041736
0 0.532524 0.186144 0.024272 0.038397
0 0.437379 0.276294 0.030097 0.051753
0 0.498058 0.305509 0.031068 0.070117
0 0.581553 0.287145 0.031068 0.053422
0 0.718932 0.080968 0.020388 0.035058
0 0.780583 0.107679 0.021359 0.051753
0 0.680583 0.082638 0.019417 0.038397
0 0.902913 0.217028 0.021359 0.046745
0 0.660194 0.112688 0.017476 0.041736
0 0.652427 0.084307 0.023301 0.055092
0 0.729126 0.142738 0.023301 0.041736
0 0.574272 0.073456 0.016505 0.023372
0 0.521359 0.097663 0.013592 0.028381
