0 0.136213 0.553748 0.038206 0.074965
0 0.228821 0.334512 0.014120 0.035361
0 0.259551 0.342999 0.020764 0.043847
0 0.281146 0.369873 0.019103 0.038190
0 0.288206 0.310467 0.018272 0.035361
0 0.328904 0.368458 0.023256 0.049505
0 0.352575 0.331683 0.017442 0.035361
0 0.353405 0.294908 0.017442 0.032532
0 0.387043 0.339463 0.019934 0.042433
0 0.409884 0.333098 0.020764 0.038190
0 0.408223 0.301980 0.019103 0.029703
0 0.394103 0.259547 0.017442 0.026874
0 0.427326 0.260255 0.014120 0.025460
0 0.444352 0.270156 0.018272 0.033946
0 0.435216 0.308345 0.018272 0.039604
0 0.448505 0.337341 0.026578 0.043847
0 0.475498 0.304809 0.020764 0.032532
0 0.467193 0.241867 0.014120 0.028289
0 0.473007 0.265912 0.017442 0.033946
0 0.509136 0.261669 0.014950 0.031117
0 0.523256 0.275813 0.014950 0.033946
0 0.524086 0.245403 0.014950 0.024045
0 0.544020 0.251061 0.013289 0.035361
0 0.558140 0.283593 0.016611 0.035361
0 0.507475 0.323904 0.021595 0.033946
0 0.571013 0.219236 0.012458 0.025460
0 0.578488 0.234088 0.012458 0.026874
0 0.583056 0.258840 0.011628 0.031117
0 0.589286 0.235502 0.010797 0.021216
0 0.605897 0.227723 0.012458 0.028289
0 0.611711 0.208628 0.012458 0.021216
0 0.631645 0.216407 0.012458 0.028289
0 0.642857 0.229137 0.011628 0.025460
0 0.645349 0.246110 0.011628 0.028289
0 0.602990 0.253890 0.016611 0.029703
0 0.676910 0.230552 0.013289 0.028289
0 0.674834 0.206506 0.012458 0.022631
0 0.689369 0.227016 0.013289 0.032532
0 0.483804 0.403819 0.030731 0.057992
0 0.539867 0.349364 0.023256 0.050919
0 0.549003 0.403112 0.029900 0.048091
0 0.593439 0.447666 0.035714 0.074965
0 0.605482 0.381895 0.026578 0.053748
0 0.603821 0.334512 0.023256 0.049505
0 0.639950 0.297737 0.019103 0.041018
0 0.673173 0.277935 0.017442 0.035361
0 0.699751 0.300566 0.015781 0.041018
0 0.713040 0.302687 0.015781 0.036775
0 0.711794 0.252475 0.013289 0.032532
0 0.736296 0.255304 0.014120 0.029703
0 0.742110 0.239038 0.014120 0.028289
0 0.754568 0.230552 0.012458 0.028289
0 0.650332 0.345120 0.021595 0.045262
0 0.666528 0.376945 0.027409 0.055163
0 0.692276 0.362093 0.024086 0.053748
0 0.725914 0.397454 0.028239 0.059406
0 0.642857 0.470297 0.033223 0.072136
0 0.705980 0.544554 0.038206 0.067893
0 0.835963 0.504950 0.035714 0.065064
0 0.771179 0.277935 0.014120 0.035361
0 0.789037 0.265205 0.016611 0.038190
0 0.787791 0.240453 0.015781 0.033946
0 0.820598 0.303395 0.016611 0.038190
0 0.816030 0.289250 0.017442 0.035361
0 0.816445 0.244696 0.018272 0.036775
0 0.848007 0.258133 0.014950 0.032532
0 0.862126 0.272984 0.013289 0.033946
0 0.875415 0.260962 0.013289 0.032532
0 0.901578 0.275813 0.015781 0.031117
0 0.890781 0.316124 0.015781 0.026874
0 0.852575 0.312588 0.019103 0.036775
0 0.819352 0.359972 0.022425 0.052334
0 0.796096 0.433522 0.029070 0.066478
0 0.849252 0.461103 0.032392 0.056577
0 0.867940 0.381188 0.023256 0.049505
0 0.875415 0.349364 0.019934 0.042433
0 0.920681 0.391796 0.024086 0.042433
0 0.929817 0.460396 0.029070 0.066478
0 0.940199 0.354314 0.016611 0.035361
0 0.943106 0.325318 0.017442 0.033946
0 0.922757 0.309760 0.018272 0.036775
0 0.947259 0.277228 0.017442 0.031117
