0 0.066129 0.246154 0.020430 0.042308
0 0.098387 0.255769 0.022581 0.042308
0 0.211290 0.252885 0.024731 0.051923
0 0.293011 0.229808 0.024731 0.055769
0 0.311828 0.225962 0.021505 0.044231
0 0.351613 0.189423 0.015054 0.032692
0 0.398387 0.211538 0.029032 0.057692
0 0.416129 0.196154 0.019355 0.050000
0 0.439785 0.255769 0.025806 0.046154
0 0.445699 0.223077 0.020430 0.042308
0 0.453226 0.175000 0.018280 0.038462
0 0.462366 0.135577 0.017204 0.036538
0 0.489247 0.161538 0.019355 0.038462
0 0.490323 0.216346 0.019355 0.048077
0 0.559140 0.180769 0.017204 0.034615
0 0.546774 0.169231 0.016129 0.034615
0 0.631720 0.116346 0.016129 0.032692
0 0.629032 0.212500 0.023656 0.051923
0 0.619355 0.254808 0.025806 0.051923
0 0.638172 0.302885 0.035484 0.071154
0 0.671505 0.218269 0.022581 0.048077
0 0.667204 0.182692 0.022581 0.046154
0 0.702688 0.156731 0.020430 0.040385
0 0.753226 0.161538 0.022581 0.038462
0 0.732796 0.215385 0.022581 0.042308
0 0.671505 0.288462 0.022581 0.050000
0 0.681183 0.362500 0.033333 0.075000
0 0.808602 0.287500 0.027957 0.059615
0 0.802688 0.236538 0.022581 0.046154
0 0.848925 0.309615 0.029032 0.061538
0 0.866129 0.282692 0.024731 0.046154
0 0.927957 0.231731 0.025806 0.044231
0 0.905914 0.354808 0.024731 0.075000
0 0.922043 0.379808 0.029032 0.063462
