0 0.066891 0.402337 0.029836 0.060100
0 0.288739 0.238731 0.015399 0.030050
0 0.294995 0.267947 0.016362 0.028381
0 0.309432 0.266277 0.018287 0.038397
0 0.341193 0.262938 0.018287 0.038397
0 0.365255 0.259599 0.020212 0.041736
0 0.402310 0.262938 0.019249 0.041736
0 0.416747 0.272955 0.026949 0.051753
0 0.340231 0.219533 0.016362 0.028381
0 0.363811 0.213689 0.015399 0.033389
0 0.370067 0.228715 0.016362 0.033389
0 0.409528 0.217863 0.014437 0.035058
0 0.467757 0.228715 0.019249 0.040067
0 0.486044 0.235392 0.021174 0.043406
0 0.398460 0.191987 0.013474 0.033389
0 0.403272 0.190317 0.013474 0.026711
0 0.429259 0.188648 0.013474 0.026711
0 0.466314 0.195326 0.014437 0.036728
0 0.496150 0.198664 0.014437 0.040067
0 0.484119 0.166945 0.013474 0.033389
0 0.477863 0.147746 0.012512 0.025042
0 0.499519 0.136895 0.011550 0.026711
0 0.507218 0.166110 0.015399 0.028381
0 0.529836 0.191987 0.016362 0.040067
0 0.545717 0.202003 0.019249 0.040067
0 0.534649 0.172788 0.016362 0.025042
0 0.577478 0.154424 0.017324 0.025042
0 0.585659 0.169449 0.016362 0.035058
0 0.584216 0.124374 0.013474 0.028381
0 0.607796 0.126878 0.012512 0.026711
0 0.614533 0.147746 0.014437 0.035058
0 0.627526 0.135225 0.013474 0.026711
0 0.639076 0.146912 0.011550 0.030050
0 0.643407 0.125209 0.010587 0.026711
0 0.665063 0.134391 0.013474 0.035058
0 0.668431 0.123539 0.012512 0.030050
0 0.704524 0.125209 0.013474 0.026711
0 0.750722 0.122705 0.013474 0.028381
0 0.774302 0.139399 0.012512 0.031720
0 0.789702 0.131886 0.012512 0.030050
0 0.797883 0.150250 0.013474 0.033389
0 0.836862 0.131886 0.010587 0.026711
0 0.866218 0.141903 0.015399 0.033389
0 0.885948 0.161102 0.014437 0.031720
0 0.908085 0.166110 0.012512 0.038397
0 0.916266 0.162771 0.011550 0.031720
0 0.935515 0.217863 0.017324 0.041736
0 0.953321 0.247913 0.018287 0.045075
0 0.962464 0.286311 0.025024 0.055092
0 0.870067 0.179466 0.017324 0.035058
0 0.891242 0.238731 0.025024 0.053422
0 0.819538 0.174457 0.018287 0.035058
0 0.844081 0.210351 0.021174 0.043406
0 0.715111 0.154424 0.013474 0.031720
0 0.729066 0.151085 0.014437 0.031720
0 0.741097 0.171953 0.015399 0.033389
0 0.785371 0.165275 0.013474 0.030050
0 0.767084 0.189482 0.017324 0.045075
0 0.728104 0.189482 0.016362 0.038397
0 0.668431 0.186978 0.018287 0.040067
0 0.665063 0.215359 0.023099 0.043406
0 0.630414 0.199499 0.019249 0.038397
0 0.601059 0.222037 0.022137 0.050083
0 0.643407 0.242905 0.024062 0.051753
0 0.602021 0.289649 0.025987 0.055092
0 0.519249 0.303840 0.025987 0.050083
0 0.643407 0.317195 0.031761 0.060100
0 0.688162 0.267112 0.021174 0.053422
0 0.709336 0.258765 0.021174 0.046745
0 0.741097 0.297997 0.025024 0.055092
0 0.785852 0.233723 0.022137 0.053422
0 0.795958 0.208681 0.019249 0.046745
0 0.880654 0.313856 0.026949 0.053422
0 0.788258 0.303840 0.025024 0.060100
