0 0.258700 0.403752 0.050366 0.109299
0 0.290751 0.212072 0.024725 0.042414
0 0.337912 0.217781 0.023810 0.047308
0 0.380495 0.195759 0.017399 0.032626
0 0.409799 0.214519 0.022894 0.047308
0 0.465659 0.154160 0.024725 0.044046
0 0.557234 0.166395 0.024725 0.058728
0 0.578755 0.077488 0.014652 0.030995
0 0.644231 0.117455 0.013736 0.029364
0 0.646520 0.150082 0.018315 0.022838
0 0.753663 0.142741 0.014652 0.027732
0 0.771520 0.145188 0.017399 0.032626
0 0.868590 0.192496 0.013736 0.035889
0 0.936813 0.188418 0.014652 0.034258
0 0.891484 0.259380 0.017399 0.042414
0 0.918040 0.252039 0.019231 0.047308
0 0.824176 0.253670 0.023810 0.053834
